,County,2009 Median Price,2010 Median Price,2011 Median Price,2012 Median Price,2013 Median Price,2014 Median Price,2015 Median Price,2016 Median Price,2010 Difference,2011 Difference,2012 Difference,2013 Difference,2014 Difference,2015 Difference,2016 Difference,2010 Percent Change,2011 Percent Change,2012 Percent Change,2013 Percent Change,2014 Percent Change,2015 Percent Change,2016 Percent Change
0,2166,74200,79400,74100,74300,81400,84200,87000,89100,5200,-5300,200,7100,2800,2800,2100,7.008086253,-6.675062972,0.269905533,9.555854643,3.43980344,3.325415677,2.413793103
1,1694,146580,143443,141887,143796,131788,139045,139419,145444,-3137,-1556,1909,-12008,7257,374,6025,-2.140128258,-1.084751434,1.345436862,-8.350719074,5.50657116,0.268977669,4.321505677
2,1203,180900,166100,154400,164100,189800,197600,212100,236500,-14800,-11700,9700,25700,7800,14500,24400,-8.181315644,-7.043949428,6.28238342,15.66118221,4.109589041,7.33805668,11.50400754
3,2200,80300,71300,68300,67300,67300,71300,76700,82100,-9000,-3000,-1000,0,4000,5400,5400,-11.20797011,-4.207573633,-1.464128843,0,5.943536404,7.573632539,7.04041721
4,108,170800,165000,164000,177500,194800,221900,257400,289100,-5800,-1000,13500,17300,27100,35500,31700,-3.395784543,-0.606060606,8.231707317,9.746478873,13.91170431,15.99819739,12.31546232
5,2446,164500,146700,141800,145400,158400,167000,178600,216900,-17800,-4900,3600,13000,8600,11600,38300,-10.82066869,-3.340149966,2.538787024,8.94085282,5.429292929,6.946107784,21.44456887
6,1452,89000,90400,90700,92300,93200,95800,98900,100200,1400,300,1600,900,2600,3100,1300,1.573033708,0.331858407,1.764057332,0.975081257,2.789699571,3.235908142,1.31445905
7,2024,100500,99900,99900,100100,100200,104000,107100,112500,-600,0,200,100,3800,3100,5400,-0.597014925,0,0.2002002,0.0999001,3.79241517,2.980769231,5.042016807
8,1711,85100,86400,84900,87200,85900,88900,92000,117900,1300,-1500,2300,-1300,3000,3100,25900,1.527614571,-1.736111111,2.709069494,-1.490825688,3.492433062,3.487064117,28.15217391
9,808,60600,67100,72100,66000,63100,65700,72200,71800,6500,5000,-6100,-2900,2600,6500,-400,10.72607261,7.451564829,-8.460471567,-4.393939394,4.12044374,9.893455099,-0.55401662
10,370,191700,182600,173700,174500,166500,181100,172100,189400,-9100,-8900,800,-8000,14600,-9000,17300,-4.747000522,-4.874041621,0.460564191,-4.584527221,8.768768769,-4.969630039,10.05229518
11,2254,125600,121600,112600,113300,118200,123600,133100,141300,-4000,-9000,700,4900,5400,9500,8200,-3.184713376,-7.401315789,0.621669627,4.324801412,4.568527919,7.686084142,6.160781367
12,910,109700,89089,88691,82229,85646,90825,96864,104641,-20611,-398,-6462,3417,5179,6039,7777,-18.78851413,-0.446744267,-7.285970392,4.155468265,6.046984097,6.649050372,8.028782623
13,730,205000,201100,199900,199900,210000,211100,215500,219200,-3900,-1200,0,10100,1100,4400,3700,-1.902439024,-0.596718051,0,5.052526263,0.523809524,2.084320227,1.716937355
14,259,88100,87300,81400,81300,82800,80900,82300,97300,-800,-5900,-100,1500,-1900,1400,15000,-0.908059024,-6.758304696,-0.122850123,1.84501845,-2.29468599,1.73053152,18.22600243
15,1918,187200,177200,180700,150300,143300,151200,154700,154700,-10000,3500,-30400,-7000,7900,3500,0,-5.341880342,1.9751693,-16.82346431,-4.657351963,5.512909979,2.314814815,0
16,1241,155500,139300,125500,121100,126600,131100,138400,156300,-16200,-13800,-4400,5500,4500,7300,17900,-10.41800643,-9.906676238,-3.505976096,4.541701073,3.55450237,5.568268497,12.93352601
17,1292,114800,116900,114400,117500,118900,117300,121400,129000,2100,-2500,3100,1400,-1600,4100,7600,1.829268293,-2.138579983,2.70979021,1.191489362,-1.345668629,3.495311168,6.26029654
18,16,447200,432700,401600,454700,568100,625800,706500,749500,-14500,-31100,53100,113400,57700,80700,43000,-3.242397138,-7.187427779,13.22211155,24.93952056,10.15666256,12.89549377,6.086341118
19,991,116700,111300,111000,117000,125100,130400,138600,152700,-5400,-300,6000,8100,5300,8200,14100,-4.627249357,-0.269541779,5.405405405,6.923076923,4.236610711,6.288343558,10.17316017
20,149,199600,193500,192700,192600,195500,197200,199600,205800,-6100,-800,-100,2900,1700,2400,6200,-3.056112224,-0.413436693,-0.051894136,1.505711319,0.869565217,1.21703854,3.106212425
21,1652,197200,194800,194100,198300,213000,210600,215500,215500,-2400,-700,4200,14700,-2400,4900,0,-1.21703854,-0.359342916,2.163833076,7.41301059,-1.126760563,2.32668566,0
22,376,282700,266900,262100,257800,268900,273500,280400,291800,-15800,-4800,-4300,11100,4600,6900,11400,-5.588963566,-1.798426377,-1.640595193,4.305663305,1.710673113,2.52285192,4.065620542
23,1960,68379,62575,59822,66842,71870,72091,74529,77218,-5804,-2753,7020,5028,221,2438,2689,-8.487986078,-4.399520575,11.73481328,7.52221657,0.307499652,3.381836845,3.60799152
24,2175,115500,87400,91600,95500,76700,78700,80800,86400,-28100,4200,3900,-18800,2000,2100,5600,-24.32900433,4.805491991,4.257641921,-19.68586387,2.60756193,2.668360864,6.930693069
25,721,131000,123900,122000,124000,121300,125700,125200,130000,-7100,-1900,2000,-2700,4400,-500,4800,-5.419847328,-1.533494754,1.639344262,-2.177419355,3.627370157,-0.397772474,3.833865815
26,290,414500,419100,419100,434000,457200,483400,501600,505000,4600,0,14900,23200,26200,18200,3400,1.109770808,0,3.555237414,5.34562212,5.730533683,3.764997931,0.677830941
27,1131,41900,26800,25900,27700,29600,32700,35500,45900,-15100,-900,1800,1900,3100,2800,10400,-36.03818616,-3.358208955,6.94980695,6.859205776,10.47297297,8.562691131,29.29577465
28,1005,96000,93400,89400,91400,92700,95800,104000,112400,-2600,-4000,2000,1300,3100,8200,8400,-2.708333333,-4.282655246,2.237136465,1.422319475,3.34412082,8.559498956,8.076923077
29,1343,112500,107100,105000,110200,120800,127800,136100,147700,-5400,-2100,5200,10600,7000,8300,11600,-4.8,-1.960784314,4.952380952,9.618874773,5.794701987,6.494522692,8.523144747
30,456,92700,86500,82200,77100,76800,82500,82500,83500,-6200,-4300,-5100,-300,5700,0,1000,-6.68824164,-4.971098266,-6.204379562,-0.389105058,7.421875,0,1.212121212
31,604,59300,59100,60000,63500,60100,59800,62100,64500,-200,900,3500,-3400,-300,2300,2400,-0.337268128,1.52284264,5.833333333,-5.354330709,-0.499168053,3.846153846,3.8647343
32,2093,82579,84304,79599,76249,79387,81631,81158,83307,1725,-4705,-3350,3138,2244,-473,2149,2.088908802,-5.580992598,-4.208595585,4.115463809,2.826659277,-0.579436734,2.647921339
33,23,110400,108600,107600,107500,111500,116000,122100,131900,-1800,-1000,-100,4000,4500,6100,9800,-1.630434783,-0.920810313,-0.092936803,3.720930233,4.035874439,5.25862069,8.026208026
34,1205,104500,102400,101900,102900,103900,103800,106900,115900,-2100,-500,1000,1000,-100,3100,9000,-2.009569378,-0.48828125,0.981354269,0.971817298,-0.096246391,2.986512524,8.419083255
35,2315,62200,61000,60400,61900,62400,64500,65900,69000,-1200,-600,1500,500,2100,1400,3100,-1.92926045,-0.983606557,2.483443709,0.807754443,3.365384615,2.170542636,4.704097117
36,355,81600,81900,78200,77200,79500,80200,84700,86300,300,-3700,-1000,2300,700,4500,1600,0.367647059,-4.517704518,-1.278772379,2.979274611,0.880503145,5.610972569,1.889020071
37,1732,67400,65500,57100,61400,62500,64200,69100,72600,-1900,-8400,4300,1100,1700,4900,3500,-2.818991098,-12.82442748,7.530647986,1.791530945,2.72,7.632398754,5.06512301
38,1154,264800,224300,207600,214900,219200,207500,224000,280200,-40500,-16700,7300,4300,-11700,16500,56200,-15.29456193,-7.445385644,3.516377649,2.000930665,-5.337591241,7.951807229,25.08928571
39,710,213300,188400,169000,191000,205100,225400,242600,267700,-24900,-19400,22000,14100,20300,17200,25100,-11.67369902,-10.29723992,13.01775148,7.382198953,9.897610922,7.630878438,10.34624897
40,777,135500,140600,134600,134500,134400,137100,140300,141600,5100,-6000,-100,-100,2700,3200,1300,3.763837638,-4.26742532,-0.074294205,-0.074349442,2.008928571,2.334062728,0.926585887
41,1221,306300,306400,306900,312400,322300,327800,337600,338400,100,500,5500,9900,5500,9800,800,0.032647731,0.163185379,1.792114695,3.169014085,1.706484642,2.989627822,0.236966825
42,2139,65700,61700,63100,61100,50300,53700,52400,54500,-4000,1400,-2000,-10800,3400,-1300,2100,-6.088280061,2.26904376,-3.169572108,-17.67594108,6.75944334,-2.420856611,4.007633588
43,1846,122300,121600,117200,119200,117900,118900,123900,132500,-700,-4400,2000,-1300,1000,5000,8600,-0.572363042,-3.618421053,1.706484642,-1.090604027,0.848176421,4.205214466,6.941081517
44,223,116900,114100,109600,109800,116200,118400,122300,129200,-2800,-4500,200,6400,2200,3900,6900,-2.395209581,-3.943908852,0.182481752,5.828779599,1.893287435,3.293918919,5.641864268
45,455,110100,109700,106900,107600,108400,113100,116600,124900,-400,-2800,700,800,4700,3500,8300,-0.363306085,-2.552415679,0.654817587,0.743494424,4.335793358,3.094606543,7.118353345
46,1485,76500,76000,75000,76000,79000,83000,87900,91600,-500,-1000,1000,3000,4000,4900,3700,-0.653594771,-1.315789474,1.333333333,3.947368421,5.063291139,5.903614458,4.209328783
47,2843,117500,113100,110500,111200,109500,118600,135000,133500,-4400,-2600,700,-1700,9100,16400,-1500,-3.744680851,-2.298850575,0.633484163,-1.528776978,8.310502283,13.82799325,-1.111111111
48,348,119000,124700,125100,126600,131700,135000,138200,144100,5700,400,1500,5100,3300,3200,5900,4.789915966,0.320769848,1.199040767,4.028436019,2.505694761,2.37037037,4.269175109
49,83,306800,297900,274800,285700,299400,308800,309700,321600,-8900,-23100,10900,13700,9400,900,11900,-2.900912647,-7.75427996,3.966521106,4.795239762,3.139612558,0.291450777,3.842428156
50,139,176900,164400,148300,164800,183000,186200,200000,219600,-12500,-16100,16500,18200,3200,13800,19600,-7.066139062,-9.793187348,11.12609575,11.04368932,1.74863388,7.411385607,9.8
51,825,62400,54500,52200,59900,55800,54200,58200,58800,-7900,-2300,7700,-4100,-1600,4000,600,-12.66025641,-4.220183486,14.75095785,-6.844741235,-2.867383513,7.380073801,1.030927835
52,1818,110000,99600,92000,101300,99400,107700,115200,122800,-10400,-7600,9300,-1900,8300,7500,7600,-9.454545455,-7.630522088,10.10869565,-1.875616979,8.350100604,6.963788301,6.597222222
53,468,133000,134400,118100,111700,122300,122600,127900,142100,1400,-16300,-6400,10600,300,5300,14200,1.052631579,-12.12797619,-5.419136325,9.489704566,0.245298446,4.323001631,11.10242377
54,1824,154700,151100,149600,152900,160900,172500,183400,179200,-3600,-1500,3300,8000,11600,10900,-4200,-2.32708468,-0.992720053,2.205882353,5.232177894,7.209446861,6.31884058,-2.290076336
55,78,200600,199100,188100,208300,231600,255800,295900,325700,-1500,-11000,20200,23300,24200,40100,29800,-0.74775673,-5.524861878,10.73896863,11.18578973,10.44905009,15.67630962,10.07096992
56,2375,99200,98400,98700,101100,107100,114900,120600,126100,-800,300,2400,6000,7800,5700,5500,-0.806451613,0.304878049,2.431610942,5.934718101,7.282913165,4.960835509,4.56053068
57,1044,291000,245000,229200,235700,252300,270300,300500,320800,-46000,-15800,6500,16600,18000,30200,20300,-15.80756014,-6.448979592,2.835951134,7.042851082,7.134363853,11.172771,6.755407654
58,1920,51500,43900,51000,48000,51900,54000,57100,58000,-7600,7100,-3000,3900,2100,3100,900,-14.75728155,16.17312073,-5.882352941,8.125,4.046242775,5.740740741,1.576182137
59,202,513300,517900,525300,550800,578500,601900,608100,635900,4600,7400,25500,27700,23400,6200,27800,0.896162088,1.428847268,4.854368932,5.029048656,4.04494382,1.03007144,4.57161651
60,477,84900,83500,81800,83500,84800,86100,88000,90400,-1400,-1700,1700,1300,1300,1900,2400,-1.648998822,-2.035928144,2.078239609,1.556886228,1.533018868,2.206736353,2.727272727
61,1355,188500,183200,181700,184400,171400,176600,185500,190800,-5300,-1500,2700,-13000,5200,8900,5300,-2.811671088,-0.818777293,1.485965878,-7.04989154,3.033838973,5.039637599,2.857142857
62,821,129300,117900,115300,120300,115000,116800,122100,123500,-11400,-2600,5000,-5300,1800,5300,1400,-8.816705336,-2.205258694,4.336513443,-4.405652535,1.565217391,4.537671233,1.146601147
63,1512,110100,104600,101200,100600,106600,109800,113400,122200,-5500,-3400,-600,6000,3200,3600,8800,-4.995458674,-3.250478011,-0.592885375,5.964214712,3.001876173,3.278688525,7.760141093
64,368,87000,84400,80400,84300,82800,84700,82600,83900,-2600,-4000,3900,-1500,1900,-2100,1300,-2.988505747,-4.739336493,4.850746269,-1.779359431,2.29468599,-2.479338843,1.573849879
65,1842,170700,152900,148200,159800,160000,167400,172900,176400,-17800,-4700,11600,200,7400,5500,3500,-10.42765085,-3.073904513,7.827260459,0.125156446,4.625,3.285543608,2.024291498
66,498,115200,111400,111700,110600,111500,117600,119200,126300,-3800,300,-1100,900,6100,1600,7100,-3.298611111,0.26929982,-0.984780662,0.813743219,5.470852018,1.360544218,5.956375839
67,163,216000,202800,183900,181500,183200,182900,168700,161600,-13200,-18900,-2400,1700,-300,-14200,-7100,-6.111111111,-9.319526627,-1.305057096,0.936639118,-0.163755459,-7.763805358,-4.208654416
68,1792,77300,75700,74300,74500,74600,78400,83000,89100,-1600,-1400,200,100,3800,4600,6100,-2.069857697,-1.849405548,0.269179004,0.134228188,5.09383378,5.867346939,7.34939759
69,630,94700,92600,90600,89900,95300,99500,104900,111400,-2100,-2000,-700,5400,4200,5400,6500,-2.217529039,-2.159827214,-0.772626932,6.006674082,4.407135362,5.427135678,6.196377502
70,461,192200,186300,178600,179600,182000,186900,190700,194300,-5900,-7700,1000,2400,4900,3800,3600,-3.069719043,-4.133118626,0.559910414,1.336302895,2.692307692,2.03317282,1.887781856
71,1749,147700,146100,143600,147200,154600,166800,175200,185300,-1600,-2500,3600,7400,12200,8400,10100,-1.083276913,-1.711156742,2.506963788,5.027173913,7.891332471,5.035971223,5.764840183
72,1505,145600,145000,136700,133100,133600,134800,137700,141200,-600,-8300,-3600,500,1200,2900,3500,-0.412087912,-5.724137931,-2.633504023,0.3756574,0.898203593,2.151335312,2.541757444
73,2172,64200,63800,65300,66500,68300,72400,75000,78500,-400,1500,1200,1800,4100,2600,3500,-0.62305296,2.351097179,1.837672282,2.706766917,6.002928258,3.591160221,4.666666667
74,1766,129300,125100,114500,109600,120500,126600,133100,146600,-4200,-10600,-4900,10900,6100,6500,13500,-3.248259861,-8.473221423,-4.279475983,9.945255474,5.062240664,5.134281201,10.14274981
75,977,88980,83443,84075,80188,96099,101160,107750,111961,-5537,632,-3887,15911,5061,6590,4211,-6.222746685,0.757403257,-4.623253048,19.84212102,5.26644398,6.514432582,3.90812065
76,228,166500,156700,155700,160200,165900,173300,184200,188700,-9800,-1000,4500,5700,7400,10900,4500,-5.885885886,-0.638162093,2.89017341,3.558052434,4.460518385,6.289671091,2.442996743
77,1562,126600,114800,103900,105000,109400,114700,119300,119400,-11800,-10900,1100,4400,5300,4600,100,-9.320695103,-9.494773519,1.058710298,4.19047619,4.844606947,4.010462075,0.083822297
78,73,112400,103500,75700,73600,77400,80500,78800,89700,-8900,-27800,-2100,3800,3100,-1700,10900,-7.918149466,-26.85990338,-2.774108322,5.163043478,4.005167959,-2.111801242,13.83248731
79,48,229100,213000,196800,196100,204400,205900,210100,221900,-16100,-16200,-700,8300,1500,4200,11800,-7.027498909,-7.605633803,-0.355691057,4.232534421,0.733855186,2.039825158,5.616373156
80,2511,58900,53400,55100,52500,55600,50000,52300,70500,-5500,1700,-2600,3100,-5600,2300,18200,-9.337860781,3.183520599,-4.718693285,5.904761905,-10.07194245,4.6,34.79923518
81,1860,175500,172200,170800,174500,185300,197000,201800,208700,-3300,-1400,3700,10800,11700,4800,6900,-1.88034188,-0.81300813,2.166276347,6.189111748,6.314085267,2.436548223,3.419226957
82,2077,130700,123400,107000,106000,120200,128300,133800,147900,-7300,-16400,-1000,14200,8100,5500,14100,-5.58530987,-13.29011345,-0.934579439,13.39622642,6.738768719,4.286827747,10.53811659
83,1396,124600,115800,112900,119000,143200,144600,146400,147200,-8800,-2900,6100,24200,1400,1800,800,-7.062600321,-2.504317789,5.403011515,20.33613445,0.977653631,1.244813278,0.546448087
84,2089,50400,59800,46200,51400,64200,66800,76200,95200,9400,-13600,5200,12800,2600,9400,19000,18.65079365,-22.74247492,11.25541126,24.90272374,4.049844237,14.07185629,24.9343832
85,2864,91000,92400,94000,102000,111900,120200,128600,131400,1400,1600,8000,9900,8300,8400,2800,1.538461538,1.731601732,8.510638298,9.705882353,7.417336908,6.988352745,2.177293935
86,196,329200,332100,320400,326700,338100,344200,357800,374500,2900,-11700,6300,11400,6100,13600,16700,0.880923451,-3.52303523,1.966292135,3.489439853,1.804199941,3.951191168,4.667411962
87,1593,86067,85332,84317,84652,88376,85382,88989,97144,-735,-1015,335,3724,-2994,3607,8155,-0.853985848,-1.18947171,0.397310151,4.399187261,-3.387797592,4.224543815,9.164053984
88,1561,117800,114500,111100,110700,113800,118200,121400,126600,-3300,-3400,-400,3100,4400,3200,5200,-2.801358234,-2.969432314,-0.360036004,2.800361337,3.866432337,2.707275804,4.283360791
89,1443,117800,108100,91500,99200,107500,121100,132000,144800,-9700,-16600,7700,8300,13600,10900,12800,-8.234295416,-15.35615171,8.415300546,8.366935484,12.65116279,9.000825764,9.696969697
90,1483,107700,100400,99400,104900,112400,120500,130200,140900,-7300,-1000,5500,7500,8100,9700,10700,-6.778087279,-0.996015936,5.533199195,7.149666349,7.206405694,8.049792531,8.21812596
91,1662,85200,83900,80900,81700,83400,90700,98300,108500,-1300,-3000,800,1700,7300,7600,10200,-1.525821596,-3.57568534,0.988875155,2.080783354,8.752997602,8.379272326,10.37639878
92,1414,113700,114500,111100,114800,118700,121100,126600,130900,800,-3400,3700,3900,2400,5500,4300,0.703605981,-2.969432314,3.330333033,3.397212544,2.02190396,4.541701073,3.396524487
93,2043,69000,72000,71000,69100,68300,69200,72000,74000,3000,-1000,-1900,-800,900,2800,2000,4.347826087,-1.388888889,-2.676056338,-1.157742402,1.317715959,4.046242775,2.777777778
94,1362,115300,101900,89800,99700,108700,117100,127700,139100,-13400,-12100,9900,9000,8400,10600,11400,-11.62185603,-11.87438665,11.02449889,9.027081244,7.727690892,9.052092229,8.927173062
95,1428,112400,114800,115400,114200,118500,125100,141300,152900,2400,600,-1200,4300,6600,16200,11600,2.135231317,0.522648084,-1.039861352,3.765323993,5.569620253,12.94964029,8.209483369
96,2086,82500,81100,80900,80500,80900,84500,88600,91600,-1400,-200,-400,400,3600,4100,3000,-1.696969697,-0.246609125,-0.494437577,0.49689441,4.449938195,4.852071006,3.386004515
97,678,116100,115300,109400,112700,114100,114000,118400,116600,-800,-5900,3300,1400,-100,4400,-1800,-0.689061154,-5.117085863,3.016453382,1.242236025,-0.087642419,3.859649123,-1.52027027
98,1279,158200,145400,136300,141000,143400,150000,156500,177300,-12800,-9100,4700,2400,6600,6500,20800,-8.09102402,-6.258596974,3.448275862,1.70212766,4.60251046,4.333333333,13.29073482
99,1353,81600,73800,77000,74800,74800,74700,79600,81300,-7800,3200,-2200,0,-100,4900,1700,-9.558823529,4.33604336,-2.857142857,0,-0.13368984,6.55957162,2.135678392
100,1931,128900,126300,121100,116200,120000,118300,123000,126100,-2600,-5200,-4900,3800,-1700,4700,3100,-2.017067494,-4.117181314,-4.046242775,3.270223752,-1.416666667,3.972950127,2.520325203
101,253,261000,249000,233300,239600,240500,248900,273900,289500,-12000,-15700,6300,900,8400,25000,15600,-4.597701149,-6.305220884,2.700385769,0.375626043,3.492723493,10.04419446,5.69550931
102,1660,76500,75600,77900,78800,81700,84800,89400,93900,-900,2300,900,2900,3100,4600,4500,-1.176470588,3.042328042,1.155327343,3.680203046,3.794369645,5.424528302,5.033557047
103,239,103600,101600,93400,97500,110200,111900,116500,120100,-2000,-8200,4100,12700,1700,4600,3600,-1.930501931,-8.070866142,4.389721627,13.02564103,1.542649728,4.110813226,3.090128755
104,775,150400,151200,143200,147600,154400,176600,186900,198600,800,-8000,4400,6800,22200,10300,11700,0.531914894,-5.291005291,3.072625698,4.60704607,14.37823834,5.832389581,6.260032103
105,892,61600,66000,66600,72600,72000,73100,75300,77900,4400,600,6000,-600,1100,2200,2600,7.142857143,0.909090909,9.009009009,-0.826446281,1.527777778,3.009575923,3.452855246
106,596,100500,99900,102300,108400,108100,116100,118300,117200,-600,2400,6100,-300,8000,2200,-1100,-0.597014925,2.402402402,5.96285435,-0.276752768,7.400555042,1.894918174,-0.929839391
107,1567,93300,91700,87200,87400,92400,99200,105800,119600,-1600,-4500,200,5000,6800,6600,13800,-1.714898178,-4.907306434,0.229357798,5.720823799,7.359307359,6.653225806,13.04347826
108,479,179500,175400,171700,173400,176700,174400,180400,181800,-4100,-3700,1700,3300,-2300,6000,1400,-2.284122563,-2.109464082,0.99009901,1.903114187,-1.3016412,3.440366972,0.776053215
109,2183,75100,74300,73800,76100,81300,88000,96100,102500,-800,-500,2300,5200,6700,8100,6400,-1.065246338,-0.67294751,3.116531165,6.833114323,8.241082411,9.204545455,6.659729448
110,1480,193000,188100,183000,183300,183400,192300,198900,211600,-4900,-5100,300,100,8900,6600,12700,-2.538860104,-2.711323764,0.163934426,0.054555374,4.852780807,3.432137285,6.38511815
111,2189,76800,78100,82300,70400,63800,60400,63600,81000,1300,4200,-11900,-6600,-3400,3200,17400,1.692708333,5.377720871,-14.45929526,-9.375,-5.329153605,5.298013245,27.35849057
112,1214,119300,119200,117500,120400,119200,121900,122200,128900,-100,-1700,2900,-1200,2700,300,6700,-0.083822297,-1.426174497,2.468085106,-0.996677741,2.265100671,0.246103363,5.482815057
113,471,61149,61504,62122,65288,70060,70823,73908,74466,355,618,3166,4772,763,3085,558,0.58054915,1.004812695,5.096423167,7.30915329,1.089066514,4.355929571,0.754992694
114,645,127000,126100,124600,133500,131300,134500,136300,140400,-900,-1500,8900,-2200,3200,1800,4100,-0.708661417,-1.189532117,7.142857143,-1.647940075,2.437166794,1.338289963,3.008070433
115,2136,123400,121000,119600,124500,133700,142100,153600,166900,-2400,-1400,4900,9200,8400,11500,13300,-1.944894652,-1.157024793,4.096989967,7.389558233,6.282722513,8.092892329,8.658854167
116,722,168100,162000,158200,163000,160000,161000,157800,160400,-6100,-3800,4800,-3000,1000,-3200,2600,-3.628792385,-2.345679012,3.034134008,-1.840490798,0.625,-1.98757764,1.64765526
117,191,125300,121000,119300,123800,133000,137300,144700,157600,-4300,-1700,4500,9200,4300,7400,12900,-3.431763767,-1.404958678,3.772003353,7.431340872,3.233082707,5.389657684,8.914996545
118,1778,125500,124500,125300,125300,126000,129600,133000,135400,-1000,800,0,700,3600,3400,2400,-0.796812749,0.642570281,0,0.558659218,2.857142857,2.62345679,1.804511278
119,2381,68000,64800,60700,60600,58000,60100,61100,67000,-3200,-4100,-100,-2600,2100,1000,5900,-4.705882353,-6.327160494,-0.164744646,-4.290429043,3.620689655,1.663893511,9.656301146
120,1628,138200,137400,131600,135500,139100,146100,152000,165500,-800,-5800,3900,3600,7000,5900,13500,-0.578871201,-4.22125182,2.963525836,2.656826568,5.032350827,4.038329911,8.881578947
121,2683,75800,72300,72300,72300,72300,72900,72300,76300,-3500,0,0,0,600,-600,4000,-4.617414248,0,0,0,0.829875519,-0.823045267,5.532503458
122,420,242100,233000,228800,234200,246900,254200,278600,309300,-9100,-4200,5400,12700,7300,24400,30700,-3.758777365,-1.802575107,2.36013986,5.422715628,2.956662616,9.598741149,11.01938263
123,1913,66300,63900,63100,65200,65900,70400,72800,71700,-2400,-800,2100,700,4500,2400,-1100,-3.619909502,-1.251956182,3.328050713,1.073619632,6.828528073,3.409090909,-1.510989011
124,235,169100,172900,171900,172300,175500,176600,202700,225700,3800,-1000,400,3200,1100,26100,23000,2.247191011,-0.578368999,0.232693426,1.857225769,0.626780627,14.77916195,11.34681796
125,1896,102200,95000,96600,99200,103200,111000,124600,140700,-7200,1600,2600,4000,7800,13600,16100,-7.045009785,1.684210526,2.691511387,4.032258065,7.558139535,12.25225225,12.92134831
126,39,416700,400900,378000,377500,400300,398700,412400,423300,-15800,-22900,-500,22800,-1600,13700,10900,-3.791696664,-5.712147668,-0.132275132,6.039735099,-0.399700225,3.436167545,2.643064985
127,232,150000,146200,138600,142400,147500,152100,152300,169000,-3800,-7600,3800,5100,4600,200,16700,-2.533333333,-5.198358413,2.741702742,3.581460674,3.118644068,0.131492439,10.96520026
128,1359,154600,137187,135546,148850,140526,146138,153051,156351,-17413,-1641,13304,-8324,5612,6913,3300,-11.26326003,-1.19617748,9.815118115,-5.59220692,3.993567027,4.73046025,2.15614403
129,119,164100,155700,146800,147000,147500,150900,151100,155300,-8400,-8900,200,500,3400,200,4200,-5.118829982,-5.716120745,0.136239782,0.340136054,2.305084746,0.132538105,2.779616148
130,306,183300,181300,173700,171900,179500,177000,182900,189300,-2000,-7600,-1800,7600,-2500,5900,6400,-1.091107474,-4.191947049,-1.03626943,4.421175102,-1.39275766,3.333333333,3.49917988
131,1182,186300,180100,165600,163300,163000,170600,178300,183200,-6200,-14500,-2300,-300,7600,7700,4900,-3.327965647,-8.051082732,-1.388888889,-0.183710961,4.662576687,4.513481829,2.748177229
132,1287,101800,103700,94800,92900,102600,109300,112300,118900,1900,-8900,-1900,9700,6700,3000,6600,1.866404715,-8.582449373,-2.004219409,10.44133477,6.530214425,2.74473925,5.877114871
133,1161,124700,123400,122600,123900,128100,134600,143600,153200,-1300,-800,1300,4200,6500,9000,9600,-1.042502005,-0.648298217,1.060358891,3.389830508,5.074160812,6.686478455,6.685236769
134,1288,100100,89800,78900,77400,72400,72400,72700,77900,-10300,-10900,-1500,-5000,0,300,5200,-10.28971029,-12.13808463,-1.901140684,-6.45994832,0,0.414364641,7.152682256
135,2702,43000,44100,43600,44100,45700,50500,50700,50100,1100,-500,500,1600,4800,200,-600,2.558139535,-1.133786848,1.146788991,3.628117914,10.50328228,0.396039604,-1.183431953
136,2859,130800,125400,124100,127200,121800,129100,136800,138000,-5400,-1300,3100,-5400,7300,7700,1200,-4.128440367,-1.036682616,2.497985496,-4.245283019,5.993431856,5.964368706,0.877192982
137,2555,66600,74300,81700,68800,81500,67100,71100,94500,7700,7400,-12900,12700,-14400,4000,23400,11.56156156,9.959623149,-15.78947368,18.45930233,-17.66871166,5.961251863,32.91139241
138,1563,125700,116500,114100,119400,129200,137800,148700,162300,-9200,-2400,5300,9800,8600,10900,13600,-7.319013524,-2.060085837,4.645048203,8.207705193,6.656346749,7.910014514,9.145931406
139,307,106200,106300,107000,112300,115300,119200,116300,118700,100,700,5300,3000,3900,-2900,2400,0.094161959,0.658513641,4.953271028,2.67141585,3.382480486,-2.432885906,2.063628547
140,2113,61500,60800,60100,60100,60000,60800,62200,62500,-700,-700,0,-100,800,1400,300,-1.138211382,-1.151315789,0,-0.166389351,1.333333333,2.302631579,0.482315113
141,1848,424000,374100,359000,361000,365800,378400,380600,384900,-49900,-15100,2000,4800,12600,2200,4300,-11.76886792,-4.036353916,0.557103064,1.329639889,3.444505194,0.581395349,1.12979506
142,312,100200,103400,105100,104400,105000,110700,113200,121900,3200,1700,-700,600,5700,2500,8700,3.193612774,1.64410058,-0.66603235,0.574712644,5.428571429,2.258355917,7.685512367
143,1963,205300,203900,197600,205600,215900,233600,254200,281200,-1400,-6300,8000,10300,17700,20600,27000,-0.681928885,-3.089749877,4.048582996,5.009727626,8.198239926,8.818493151,10.62155783
144,1949,48133,49896,57390,60126,62400,66184,72191,72540,1763,7494,2736,2274,3784,6007,349,3.662767748,15.01924002,4.767381077,3.782057679,6.064102564,9.076211773,0.483439764
145,1490,122500,106300,113100,121000,117700,121300,124600,129300,-16200,6800,7900,-3300,3600,3300,4700,-13.2244898,6.396989652,6.984969054,-2.727272727,3.058623619,2.720527617,3.772070626
146,319,148000,140100,137400,137900,142000,142500,155200,161800,-7900,-2700,500,4100,500,12700,6600,-5.337837838,-1.927194861,0.363901019,2.973168963,0.352112676,8.912280702,4.25257732
147,502,152000,150700,146200,149100,152900,155900,161300,170000,-1300,-4500,2900,3800,3000,5400,8700,-0.855263158,-2.98606503,1.983584131,2.548625084,1.96206671,3.46375882,5.393676379
148,2143,167700,155800,151400,153300,157400,164000,173000,186800,-11900,-4400,1900,4100,6600,9000,13800,-7.09600477,-2.824133504,1.254953765,2.674494455,4.193138501,5.487804878,7.976878613
149,2177,105200,101700,101700,105900,112600,114400,114300,120100,-3500,0,4200,6700,1800,-100,5800,-3.326996198,0,4.12979351,6.326723324,1.598579041,-0.087412587,5.074365704
150,1894,77100,80200,90000,96100,83400,81500,81700,85200,3100,9800,6100,-12700,-1900,200,3500,4.02075227,12.21945137,6.777777778,-13.21540062,-2.278177458,0.245398773,4.283965728
151,1605,225000,204700,194500,199500,209900,221900,233800,250100,-20300,-10200,5000,10400,12000,11900,16300,-9.022222222,-4.982901808,2.570694087,5.213032581,5.717008099,5.362776025,6.971770744
152,1358,160500,157300,149500,138400,146800,144800,146000,166800,-3200,-7800,-11100,8400,-2000,1200,20800,-1.99376947,-4.958677686,-7.424749164,6.069364162,-1.36239782,0.828729282,14.24657534
153,726,95600,91800,89500,90000,91700,94700,95900,102400,-3800,-2300,500,1700,3000,1200,6500,-3.974895397,-2.505446623,0.558659218,1.888888889,3.271537623,1.267159451,6.777893639
154,830,105600,104800,104900,108000,109600,115200,121400,128500,-800,100,3100,1600,5600,6200,7100,-0.757575758,0.095419847,2.955195424,1.481481481,5.109489051,5.381944444,5.848434926
155,1507,142100,133300,125600,126200,128800,133500,132300,141300,-8800,-7700,600,2600,4700,-1200,9000,-6.192821956,-5.776444111,0.477707006,2.06022187,3.649068323,-0.898876404,6.802721088
156,1493,168700,167800,168000,175800,177300,175900,181400,186900,-900,200,7800,1500,-1400,5500,5500,-0.533491405,0.119189511,4.642857143,0.853242321,-0.789622109,3.126776578,3.031973539
157,327,159700,157100,154100,152400,153800,157200,167900,174400,-2600,-3000,-1700,1400,3400,10700,6500,-1.628052599,-1.909611712,-1.103179753,0.918635171,2.210663199,6.806615776,3.871351995
158,1281,146200,146100,146400,145100,149100,152800,157900,161800,-100,300,-1300,4000,3700,5100,3900,-0.068399453,0.205338809,-0.887978142,2.756719504,2.481556003,3.337696335,2.469917669
159,2786,75600,86800,96500,88400,96500,105900,102800,123700,11200,9700,-8100,8100,9400,-3100,20900,14.81481481,11.17511521,-8.393782383,9.162895928,9.740932642,-2.927289896,20.3307393
160,2050,49900,47300,52500,60600,55800,53000,50400,61800,-2600,5200,8100,-4800,-2800,-2600,11400,-5.210420842,10.99365751,15.42857143,-7.920792079,-5.017921147,-4.905660377,22.61904762
161,1886,89700,86700,84700,86800,92200,99300,106100,112500,-3000,-2000,2100,5400,7100,6800,6400,-3.344481605,-2.306805075,2.479338843,6.221198157,7.700650759,6.847935549,6.03204524
162,1335,151600,153200,155300,152800,152100,154500,153200,163300,1600,2100,-2500,-700,2400,-1300,10100,1.055408971,1.37075718,-1.609787508,-0.458115183,1.57790927,-0.841423948,6.592689295
163,764,176000,168000,163300,163800,162700,166700,170400,176600,-8000,-4700,500,-1100,4000,3700,6200,-4.545454545,-2.797619048,0.306184936,-0.671550672,2.4585126,2.219556089,3.638497653
164,2564,69700,68700,71900,74800,84900,91900,114200,123500,-1000,3200,2900,10100,7000,22300,9300,-1.43472023,4.657933042,4.033379694,13.5026738,8.244994111,24.26550598,8.143607706
165,155,309300,304600,298000,319500,347400,377700,435700,477500,-4700,-6600,21500,27900,30300,58000,41800,-1.519560297,-2.1667761,7.214765101,8.732394366,8.72193437,15.35610273,9.593757172
166,2126,160400,149500,144800,147900,157400,168000,185700,197300,-10900,-4700,3100,9500,10600,17700,11600,-6.795511222,-3.143812709,2.140883978,6.423258959,6.734434562,10.53571429,6.246634356
167,2515,61700,61800,61500,61500,61900,64400,66500,69900,100,-300,0,400,2500,2100,3400,0.162074554,-0.485436893,0,0.650406504,4.038772213,3.260869565,5.112781955
168,927,109000,108600,105900,105500,103300,103900,104300,112000,-400,-2700,-400,-2200,600,400,7700,-0.366972477,-2.486187845,-0.377714825,-2.085308057,0.580832527,0.384985563,7.382550336
169,1378,89800,88500,87500,90300,95000,96900,92000,92200,-1300,-1000,2800,4700,1900,-4900,200,-1.44766147,-1.129943503,3.2,5.204872647,2,-5.056759546,0.217391304
170,3000,91835,96848,107499,124944,137233,155558,179374,187396,5013,10651,17445,12289,18325,23816,8022,5.458703109,10.9976458,16.22805794,9.835606352,13.35320222,15.31004513,4.472220054
171,1528,145900,141900,140200,148700,161400,168800,168700,187500,-4000,-1700,8500,12700,7400,-100,18800,-2.741603838,-1.198026779,6.062767475,8.540685945,4.58488228,-0.059241706,11.14404268
172,1533,91500,86400,83900,84600,81400,80900,84400,89200,-5100,-2500,700,-3200,-500,3500,4800,-5.573770492,-2.893518519,0.834326579,-3.78250591,-0.614250614,4.326328801,5.687203791
173,1748,113200,112900,109100,111000,112100,111200,118000,123500,-300,-3800,1900,1100,-900,6800,5500,-0.265017668,-3.365810452,1.74152154,0.990990991,-0.802854594,6.115107914,4.661016949
174,1746,98600,82200,76700,78000,82900,94200,100200,103200,-16400,-5500,1300,4900,11300,6000,3000,-16.63286004,-6.690997567,1.694915254,6.282051282,13.63088058,6.369426752,2.994011976
175,509,96800,111100,116000,116400,121400,121200,119900,127000,14300,4900,400,5000,-200,-1300,7100,14.77272727,4.410441044,0.344827586,4.295532646,-0.164744646,-1.072607261,5.921601334
176,377,116200,111700,113800,113000,115500,121400,125300,131600,-4500,2100,-800,2500,5900,3900,6300,-3.872633391,1.88003581,-0.702987698,2.212389381,5.108225108,3.212520593,5.027932961
177,1565,79000,76000,70800,74700,79700,76200,81800,86700,-3000,-5200,3900,5000,-3500,5600,4900,-3.797468354,-6.842105263,5.508474576,6.693440428,-4.391468005,7.349081365,5.990220049
178,1213,151000,149600,146200,147800,152300,165400,179100,194700,-1400,-3400,1600,4500,13100,13700,15600,-0.927152318,-2.272727273,1.094391245,3.044654939,8.601444517,8.282950423,8.710217755
179,1258,146700,148200,144900,147300,147000,156500,175600,187400,1500,-3300,2400,-300,9500,19100,11800,1.022494888,-2.226720648,1.6563147,-0.203665988,6.462585034,12.20447284,6.719817768
180,925,71800,79200,74600,79300,81200,81300,85500,88300,7400,-4600,4700,1900,100,4200,2800,10.30640669,-5.808080808,6.300268097,2.395964691,0.123152709,5.166051661,3.274853801
181,861,128600,128500,127100,131500,133600,144400,145300,144500,-100,-1400,4400,2100,10800,900,-800,-0.077760498,-1.089494163,3.46184107,1.596958175,8.083832335,0.623268698,-0.550584997
182,1188,128100,109700,104900,113600,121400,136500,153100,175600,-18400,-4800,8700,7800,15100,16600,22500,-14.3637783,-4.375569736,8.293612965,6.866197183,12.43822076,12.16117216,14.69627694
183,2372,117200,120300,120100,124300,133800,142700,154700,168500,3100,-200,4200,9500,8900,12000,13800,2.645051195,-0.166251039,3.497085762,7.642799678,6.651718984,8.409250175,8.920491273
184,949,90600,86900,82900,85100,85500,86900,87500,90100,-3700,-4000,2200,400,1400,600,2600,-4.08388521,-4.602991945,2.653799759,0.470035253,1.637426901,0.690448792,2.971428571
185,80,245500,238200,222700,226800,239800,243700,257400,272600,-7300,-15500,4100,13000,3900,13700,15200,-2.973523422,-6.50713686,1.84104176,5.731922399,1.626355296,5.621665983,5.905205905
186,595,283600,284100,268100,272800,286500,291300,299600,316000,500,-16000,4700,13700,4800,8300,16400,0.176304654,-5.631819782,1.75307721,5.021994135,1.67539267,2.849296258,5.473965287
187,20,307000,298100,292100,290100,319200,317000,324800,347900,-8900,-6000,-2000,29100,-2200,7800,23100,-2.899022801,-2.0127474,-0.684697022,10.03102378,-0.689223058,2.460567823,7.112068966
188,2276,73382,70736,66902,59650,65241,69580,69733,75164,-2646,-3834,-7252,5591,4339,153,5431,-3.605788886,-5.420153811,-10.83973573,9.37300922,6.650725771,0.219890773,7.788278147
189,211,107500,102500,101900,101300,99600,101200,96500,99600,-5000,-600,-600,-1700,1600,-4700,3100,-4.651162791,-0.585365854,-0.588812561,-1.678183613,1.606425703,-4.644268775,3.212435233
190,550,263000,265300,263200,271700,286300,310600,355000,388800,2300,-2100,8500,14600,24300,44400,33800,0.874524715,-0.791556728,3.229483283,5.373573795,8.487600419,14.29491307,9.521126761
191,1160,138400,129200,124800,129000,154600,170400,189900,219200,-9200,-4400,4200,25600,15800,19500,29300,-6.647398844,-3.405572755,3.365384615,19.84496124,10.21992238,11.44366197,15.42917325
192,1928,135100,132500,128700,131400,137200,146900,154400,161600,-2600,-3800,2700,5800,9700,7500,7200,-1.92450037,-2.867924528,2.097902098,4.414003044,7.069970845,5.105513955,4.663212435
193,2358,63800,66500,62300,64100,62300,64300,65700,67900,2700,-4200,1800,-1800,2000,1400,2200,4.231974922,-6.315789474,2.889245586,-2.808112324,3.210272873,2.177293935,3.348554033
194,642,96400,95500,87800,94700,94400,120400,127300,111400,-900,-7700,6900,-300,26000,6900,-15900,-0.933609959,-8.062827225,7.858769932,-0.316789863,27.54237288,5.73089701,-12.49018068
195,1631,66500,65500,64800,64700,67700,72300,76400,79100,-1000,-700,-100,3000,4600,4100,2700,-1.503759398,-1.06870229,-0.154320988,4.636785162,6.794682422,5.670816044,3.534031414
196,177,137800,133200,128700,129300,131500,132900,141300,154000,-4600,-4500,600,2200,1400,8400,12700,-3.338171263,-3.378378378,0.466200466,1.701469451,1.064638783,6.320541761,8.987968861
197,352,216600,205300,186100,185800,191400,200600,203600,214400,-11300,-19200,-300,5600,9200,3000,10800,-5.216989843,-9.35216756,-0.161203654,3.013993541,4.806687565,1.49551346,5.304518664
198,1728,197000,188300,185200,186500,188300,191700,192700,196600,-8700,-3100,1300,1800,3400,1000,3900,-4.416243655,-1.646309081,0.701943844,0.965147453,1.805629315,0.521648409,2.023871303
199,665,80200,81000,82700,83800,83500,83200,85900,91600,800,1700,1100,-300,-300,2700,5700,0.997506234,2.098765432,1.330108827,-0.357995227,-0.359281437,3.245192308,6.635622817
200,906,89857,89003,88701,90078,95167,96442,103045,109563,-854,-302,1377,5089,1275,6603,6518,-0.950398967,-0.339314405,1.552406399,5.649548169,1.339750123,6.846602103,6.325391819
201,1384,85100,83500,82000,82000,83000,86500,89800,92900,-1600,-1500,0,1000,3500,3300,3100,-1.880141011,-1.796407186,0,1.219512195,4.21686747,3.815028902,3.452115813
202,71,291000,284700,271000,266900,277900,283200,286400,294900,-6300,-13700,-4100,11000,5300,3200,8500,-2.164948454,-4.812082894,-1.512915129,4.12139378,1.907160849,1.129943503,2.967877095
203,2071,78500,81100,80200,80400,84700,86500,90400,95200,2600,-900,200,4300,1800,3900,4800,3.312101911,-1.10974106,0.249376559,5.348258706,2.12514758,4.50867052,5.309734513
204,627,132500,135200,140800,149000,154000,161300,167700,175000,2700,5600,8200,5000,7300,6400,7300,2.037735849,4.142011834,5.823863636,3.355704698,4.74025974,3.967761934,4.35301133
205,1427,118800,125100,124300,124300,120300,128700,139100,145400,6300,-800,0,-4000,8400,10400,6300,5.303030303,-0.639488409,0,-3.218020917,6.982543641,8.080808081,4.529115744
206,1439,136700,126200,116800,122500,128700,123600,125000,128300,-10500,-9400,5700,6200,-5100,1400,3300,-7.681053402,-7.448494453,4.880136986,5.06122449,-3.962703963,1.132686084,2.64
207,182,194400,183600,180000,185300,193800,205900,222700,264100,-10800,-3600,5300,8500,12100,16800,41400,-5.555555556,-1.960784314,2.944444444,4.587155963,6.243550052,8.159300631,18.59003143
208,1673,82400,76700,71300,73400,72500,71900,72200,73700,-5700,-5400,2100,-900,-600,300,1500,-6.917475728,-7.04041721,2.945301543,-1.226158038,-0.827586207,0.417246175,2.077562327
209,2058,64400,66800,57700,58200,57400,60600,64000,65400,2400,-9100,500,-800,3200,3400,1400,3.726708075,-13.62275449,0.866551127,-1.374570447,5.574912892,5.610561056,2.1875
210,403,96100,87100,89200,90400,93700,91100,101200,109000,-9000,2100,1200,3300,-2600,10100,7800,-9.365244537,2.411021814,1.34529148,3.650442478,-2.774813234,11.08671789,7.707509881
211,1403,169800,171800,180400,205000,231100,251100,258900,263300,2000,8600,24600,26100,20000,7800,4400,1.177856302,5.005820722,13.63636364,12.73170732,8.654262224,3.106332139,1.699497876
212,2844,86700,85600,86100,89100,94100,99000,106300,112500,-1100,500,3000,5000,4900,7300,6200,-1.268742791,0.58411215,3.484320557,5.611672278,5.207226355,7.373737374,5.832549389
213,105,229100,217100,202600,197100,203500,199900,201600,203500,-12000,-14500,-5500,6400,-3600,1700,1900,-5.237887385,-6.678949793,-2.714708786,3.247082699,-1.769041769,0.850425213,0.942460317
214,1588,165100,163500,162200,165800,176500,165700,181000,190300,-1600,-1300,3600,10700,-10800,15300,9300,-0.969109631,-0.795107034,2.219482121,6.453558504,-6.11898017,9.233554617,5.138121547
215,990,141400,130800,129500,130900,126100,127900,131900,132700,-10600,-1300,1400,-4800,1800,4000,800,-7.496463932,-0.993883792,1.081081081,-3.666921314,1.427438541,3.127443315,0.606520091
216,1457,103400,106000,104500,101300,101800,101100,105500,112200,2600,-1500,-3200,500,-700,4400,6700,2.51450677,-1.41509434,-3.062200957,0.493583416,-0.68762279,4.352126607,6.3507109
217,1587,90000,89800,89300,92500,94100,100800,107800,112400,-200,-500,3200,1600,6700,7000,4600,-0.222222222,-0.556792873,3.583426652,1.72972973,7.120085016,6.944444444,4.26716141
218,2605,75100,82400,77600,81000,90600,86300,83700,100800,7300,-4800,3400,9600,-4300,-2600,17100,9.720372836,-5.825242718,4.381443299,11.85185185,-4.746136865,-3.012746234,20.43010753
219,129,133700,132400,125500,124800,131500,133600,140400,149700,-1300,-6900,-700,6700,2100,6800,9300,-0.972326103,-5.211480363,-0.557768924,5.368589744,1.596958175,5.089820359,6.623931624
220,225,162465,165220,164816,171591,176457,180852,188580,193514,2755,-404,6775,4866,4395,7728,4934,1.695749854,-0.244522455,4.110644598,2.835813067,2.490691783,4.273107292,2.616396224
221,192,213300,199800,171100,183900,211200,216700,231400,252100,-13500,-28700,12800,27300,5500,14700,20700,-6.329113924,-14.36436436,7.48100526,14.84502447,2.604166667,6.783571758,8.945548833
222,1817,111300,86600,71400,83300,92800,97500,100400,102100,-24700,-15200,11900,9500,4700,2900,1700,-22.19227314,-17.55196305,16.66666667,11.40456182,5.064655172,2.974358974,1.693227092
223,231,148600,141600,135900,140400,139100,143500,152800,164300,-7000,-5700,4500,-1300,4400,9300,11500,-4.710632571,-4.025423729,3.311258278,-0.925925926,3.163191948,6.480836237,7.52617801
224,1369,84200,84200,84200,82700,81200,84900,84700,86300,0,0,-1500,-1500,3700,-200,1600,0,0,-1.781472684,-1.813784764,4.556650246,-0.23557126,1.889020071
225,1340,191100,189800,186200,183400,191100,189700,196000,201000,-1300,-3600,-2800,7700,-1400,6300,5000,-0.680272109,-1.896733404,-1.503759398,4.198473282,-0.732600733,3.32103321,2.551020408
226,1237,99625,98936,101880,99935,102873,99331,96473,101792,-689,2944,-1945,2938,-3542,-2858,5319,-0.691593476,2.975661033,-1.909108755,2.939910942,-3.443080303,-2.877248794,5.513459724
227,2029,40977,41739,39099,41061,40546,39557,39365,40906,762,-2640,1962,-515,-989,-192,1541,1.859579764,-6.325019766,5.018031152,-1.254231509,-2.439204854,-0.485375534,3.914644989
228,634,229500,214000,178500,184700,211500,238500,248100,267400,-15500,-35500,6200,26800,27000,9600,19300,-6.753812636,-16.58878505,3.473389356,14.51001624,12.76595745,4.025157233,7.779121322
229,1259,97800,101600,96800,98600,107000,119300,133600,122900,3800,-4800,1800,8400,12300,14300,-10700,3.885480573,-4.724409449,1.859504132,8.519269777,11.4953271,11.98658843,-8.008982036
230,2316,60700,61900,60200,59000,58500,57600,60400,66600,1200,-1700,-1200,-500,-900,2800,6200,1.97693575,-2.746365105,-1.993355482,-0.847457627,-1.538461538,4.861111111,10.26490066
231,2708,69800,73700,73900,74100,74100,74100,74000,79300,3900,200,200,0,0,-100,5300,5.58739255,0.271370421,0.270635995,0,0,-0.134952767,7.162162162
232,2366,82600,79100,75700,73400,72000,76700,82500,88500,-3500,-3400,-2300,-1400,4700,5800,6000,-4.237288136,-4.298356511,-3.038309115,-1.907356948,6.527777778,7.561929596,7.272727273
233,425,96800,93400,90200,88200,83100,87000,94300,96900,-3400,-3200,-2000,-5100,3900,7300,2600,-3.512396694,-3.426124197,-2.2172949,-5.782312925,4.693140794,8.390804598,2.757158006
234,1632,98500,96900,96100,98200,103600,110400,116700,125000,-1600,-800,2100,5400,6800,6300,8300,-1.624365482,-0.825593395,2.185223725,5.49898167,6.563706564,5.706521739,7.112253642
235,786,133415,132458,130244,132381,134805,135337,135303,141744,-957,-2214,2137,2424,532,-34,6441,-0.717310647,-1.671473222,1.640766561,1.831078478,0.394644116,-0.025122472,4.760426598
236,2774,37900,33100,35000,36600,33600,36900,36800,43900,-4800,1900,1600,-3000,3300,-100,7100,-12.66490765,5.740181269,4.571428571,-8.196721311,9.821428571,-0.27100271,19.29347826
237,1313,64600,63300,59500,59000,62800,68200,68900,79200,-1300,-3800,-500,3800,5400,700,10300,-2.012383901,-6.003159558,-0.840336134,6.440677966,8.598726115,1.026392962,14.94920174
238,1847,91400,90800,89400,92000,96600,103800,110800,119000,-600,-1400,2600,4600,7200,7000,8200,-0.656455142,-1.54185022,2.908277405,5,7.453416149,6.743737958,7.400722022
239,2309,77700,76500,75400,76900,81500,87500,94000,97900,-1200,-1100,1500,4600,6000,6500,3900,-1.544401544,-1.437908497,1.98938992,5.981794538,7.36196319,7.428571429,4.14893617
240,1575,117900,116800,114500,114500,116100,121800,128600,137900,-1100,-2300,0,1600,5700,6800,9300,-0.932994063,-1.969178082,0,1.397379913,4.909560724,5.582922824,7.231726283
241,1639,102900,105100,103600,105800,104100,111300,120700,123100,2200,-1500,2200,-1700,7200,9400,2400,2.137998056,-1.427212179,2.123552124,-1.606805293,6.916426513,8.445642408,1.988400994
242,603,144800,143700,138000,139700,139300,147300,153200,163800,-1100,-5700,1700,-400,8000,5900,10600,-0.759668508,-3.966597077,1.231884058,-0.286327845,5.743000718,4.005431093,6.919060052
243,411,302400,283100,274900,295000,277100,293600,290300,296500,-19300,-8200,20100,-17900,16500,-3300,6200,-6.382275132,-2.896503002,7.311749727,-6.06779661,5.954529051,-1.123978202,2.135721667
244,288,92500,90200,82600,72000,70400,69700,71700,72600,-2300,-7600,-10600,-1600,-700,2000,900,-2.486486486,-8.425720621,-12.83292978,-2.222222222,-0.994318182,2.869440459,1.255230126
245,1526,145400,135500,110100,122400,117500,130000,137200,142700,-9900,-25400,12300,-4900,12500,7200,5500,-6.808803301,-18.74538745,11.17166213,-4.003267974,10.63829787,5.538461538,4.008746356
246,1576,140700,136500,155600,168400,176000,167400,173700,183000,-4200,19100,12800,7600,-8600,6300,9300,-2.985074627,13.99267399,8.22622108,4.513064133,-4.886363636,3.76344086,5.354058722
247,91,180000,171700,157300,152700,150700,152500,152000,151500,-8300,-14400,-4600,-2000,1800,-500,-500,-4.611111111,-8.386721025,-2.924348379,-1.309757695,1.194426012,-0.327868852,-0.328947368
248,3088,145400,138600,138000,136500,136400,136300,135700,146600,-6800,-600,-1500,-100,-100,-600,10900,-4.676753783,-0.432900433,-1.086956522,-0.073260073,-0.073313783,-0.440205429,8.032424466
249,1201,73400,74000,67300,71100,74200,75600,76700,82600,600,-6700,3800,3100,1400,1100,5900,0.817438692,-9.054054054,5.646359584,4.360056259,1.886792453,1.455026455,7.692307692
250,2328,89700,86400,85000,85400,90800,95200,96400,97000,-3300,-1400,400,5400,4400,1200,600,-3.678929766,-1.62037037,0.470588235,6.323185012,4.845814978,1.260504202,0.622406639
251,404,120300,117200,116000,117900,118900,120000,123000,132200,-3100,-1200,1900,1000,1100,3000,9200,-2.576891106,-1.023890785,1.637931034,0.848176421,0.925147183,2.5,7.479674797
252,1607,77100,77000,71200,75400,77200,76800,82700,87000,-100,-5800,4200,1800,-400,5900,4300,-0.129701686,-7.532467532,5.898876404,2.387267905,-0.518134715,7.682291667,5.199516324
253,559,133900,129300,128100,127600,129300,131000,134400,138400,-4600,-1200,-500,1700,1700,3400,4000,-3.435399552,-0.928074246,-0.390320062,1.332288401,1.314771848,2.595419847,2.976190476
254,1558,232700,231100,232400,239000,241300,241100,243500,257200,-1600,1300,6600,2300,-200,2400,13700,-0.687580576,0.562527045,2.839931153,0.962343096,-0.082884376,0.995437578,5.626283368
255,336,135300,134400,135700,136500,141500,147700,151400,155400,-900,1300,800,5000,6200,3700,4000,-0.66518847,0.967261905,0.589535741,3.663003663,4.381625442,2.505077861,2.642007926
256,1021,95400,90000,88300,93900,95800,99700,108500,120800,-5400,-1700,5600,1900,3900,8800,12300,-5.660377358,-1.888888889,6.342015855,2.02342918,4.070981211,8.826479438,11.33640553
257,1263,138000,110900,105500,114000,131100,137600,148800,163400,-27100,-5400,8500,17100,6500,11200,14600,-19.63768116,-4.869251578,8.056872038,15,4.958047292,8.139534884,9.811827957
258,1419,117000,116400,116500,118200,119600,124600,136300,138200,-600,100,1700,1400,5000,11700,1900,-0.512820513,0.085910653,1.459227468,1.184433164,4.180602007,9.390048154,1.393983859
259,383,322500,312200,299100,291400,294400,299200,305900,305200,-10300,-13100,-7700,3000,4800,6700,-700,-3.19379845,-4.196028187,-2.574389836,1.029512697,1.630434783,2.239304813,-0.228832952
260,496,145800,137900,130500,129900,131300,130300,133000,129300,-7900,-7400,-600,1400,-1000,2700,-3700,-5.418381344,-5.366207397,-0.459770115,1.077752117,-0.761614623,2.072141213,-2.781954887
261,2232,111787,109071,106888,114331,124750,131731,145265,156738,-2716,-2183,7443,10419,6981,13534,11473,-2.429620618,-2.001448598,6.963363521,9.113013968,5.595991984,10.2739674,7.897979555
262,2902,95600,88200,93800,102000,106800,115200,128600,141300,-7400,5600,8200,4800,8400,13400,12700,-7.740585774,6.349206349,8.742004264,4.705882353,7.865168539,11.63194444,9.875583204
263,741,134600,135000,125500,123000,127700,132800,141300,149400,400,-9500,-2500,4700,5100,8500,8100,0.29717682,-7.037037037,-1.992031873,3.821138211,3.993735317,6.40060241,5.732484076
264,768,178800,146300,148700,151400,155500,156100,164000,169500,-32500,2400,2700,4100,600,7900,5500,-18.17673378,1.640464798,1.815736382,2.708058124,0.38585209,5.060858424,3.353658537
265,809,164100,157300,144100,153400,159400,165400,164700,167700,-6800,-13200,9300,6000,6000,-700,3000,-4.143814747,-8.391608392,6.453851492,3.911342894,3.764115433,-0.423216445,1.821493625
266,819,122500,117600,117800,124100,118200,120500,122500,128600,-4900,200,6300,-5900,2300,2000,6100,-4,0.170068027,5.348047538,-4.754230459,1.945854484,1.659751037,4.979591837
267,1346,97800,84600,70000,79200,92300,102600,115200,120700,-13200,-14600,9200,13100,10300,12600,5500,-13.49693252,-17.25768322,13.14285714,16.54040404,11.15926327,12.28070175,4.774305556
268,2068,92700,92700,95100,101000,105500,112800,121000,122600,0,2400,5900,4500,7300,8200,1600,0,2.588996764,6.203995794,4.455445545,6.91943128,7.269503546,1.32231405
269,1927,74700,76600,73700,74300,70900,73400,75300,80800,1900,-2900,600,-3400,2500,1900,5500,2.543507363,-3.785900783,0.814111262,-4.576043069,3.526093089,2.588555858,7.304116866
270,1864,88000,87000,82900,80600,78400,82600,87200,94100,-1000,-4100,-2300,-2200,4200,4600,6900,-1.136363636,-4.712643678,-2.774427021,-2.729528536,5.357142857,5.569007264,7.912844037
271,243,290100,271000,255900,267600,275600,280500,286200,292300,-19100,-15100,11700,8000,4900,5700,6100,-6.583936574,-5.57195572,4.572098476,2.989536622,1.777939042,2.032085561,2.13137666
272,1541,197900,195300,187100,189700,196800,201200,210100,212600,-2600,-8200,2600,7100,4400,8900,2500,-1.313794846,-4.198668715,1.389631213,3.742751713,2.235772358,4.423459245,1.189909567
273,800,79100,80500,77000,77300,83000,87200,88300,90500,1400,-3500,300,5700,4200,1100,2200,1.769911504,-4.347826087,0.38961039,7.373868047,5.060240964,1.26146789,2.491506229
274,1745,60600,63000,61900,61500,63900,65200,63200,66300,2400,-1100,-400,2400,1300,-2000,3100,3.96039604,-1.746031746,-0.646203554,3.902439024,2.034428795,-3.067484663,4.905063291
275,555,187500,161800,141400,150200,173500,196800,223000,250500,-25700,-20400,8800,23300,23300,26200,27500,-13.70666667,-12.60815822,6.223479491,15.5126498,13.42939481,13.31300813,12.33183857
276,2914,73500,73200,71700,73200,76100,76700,78700,82700,-300,-1500,1500,2900,600,2000,4000,-0.408163265,-2.049180328,2.092050209,3.961748634,0.788436268,2.60756193,5.082592122
277,2042,66689,68936,67043,66251,64265,64520,64736,66592,2247,-1893,-792,-1986,255,216,1856,3.369371261,-2.746025299,-1.181331384,-2.997690601,0.396794523,0.334779913,2.867029165
278,612,71000,69900,70000,70200,70700,71900,76500,80300,-1100,100,200,500,1200,4600,3800,-1.549295775,0.143061516,0.285714286,0.712250712,1.697312588,6.397774687,4.967320261
279,543,92200,88900,87000,87700,89100,90800,92700,98400,-3300,-1900,700,1400,1700,1900,5700,-3.579175705,-2.137232846,0.804597701,1.596351197,1.907968575,2.092511013,6.148867314
280,488,243800,229400,215500,209000,208300,210900,220300,227600,-14400,-13900,-6500,-700,2600,9400,7300,-5.906480722,-6.059285092,-3.016241299,-0.33492823,1.248199712,4.457088668,3.313663187
281,402,245500,236700,224500,241100,256700,268800,277800,295600,-8800,-12200,16600,15600,12100,9000,17800,-3.584521385,-5.154203633,7.394209354,6.470344255,4.713673549,3.348214286,6.407487401
282,1402,147400,164200,167400,166900,168300,169500,174900,178500,16800,3200,-500,1400,1200,5400,3600,11.39755767,1.948842875,-0.298685783,0.838825644,0.713012478,3.185840708,2.058319039
283,2280,62100,65400,73500,65100,54400,65500,69800,62400,3300,8100,-8400,-10700,11100,4300,-7400,5.314009662,12.3853211,-11.42857143,-16.43625192,20.40441176,6.564885496,-10.6017192
284,1983,59600,56500,54200,55900,54900,54800,57800,61200,-3100,-2300,1700,-1000,-100,3000,3400,-5.201342282,-4.07079646,3.136531365,-1.788908766,-0.182149362,5.474452555,5.882352941
285,1518,98000,92500,84300,87000,90200,95100,98300,104900,-5500,-8200,2700,3200,4900,3200,6600,-5.612244898,-8.864864865,3.202846975,3.67816092,5.432372506,3.364879075,6.714140387
286,807,112200,111100,102200,108300,113800,121900,137300,146900,-1100,-8900,6100,5500,8100,15400,9600,-0.980392157,-8.01080108,5.968688845,5.078485688,7.117750439,12.63330599,6.991988347
287,1365,153100,149300,146500,145800,151600,157200,157500,161900,-3800,-2800,-700,5800,5600,300,4400,-2.482037884,-1.87541862,-0.4778157,3.978052126,3.693931398,0.190839695,2.793650794
288,1293,156000,159100,155600,154800,166800,179200,191500,216000,3100,-3500,-800,12000,12400,12300,24500,1.987179487,-2.199874293,-0.514138817,7.751937984,7.434052758,6.863839286,12.79373368
289,844,130389,127520,115483,128997,133698,149202,149766,164650,-2869,-12037,13514,4701,15504,564,14884,-2.200338986,-9.439303639,11.7021553,3.644270797,11.59628416,0.378011019,9.938170212
290,1726,78700,77000,77200,78100,82700,85900,89900,93100,-1700,200,900,4600,3200,4000,3200,-2.160101652,0.25974026,1.165803109,5.889884763,3.869407497,4.656577416,3.559510567
291,2217,108300,104800,104000,109000,116500,124700,136500,146700,-3500,-800,5000,7500,8200,11800,10200,-3.23176362,-0.763358779,4.807692308,6.880733945,7.038626609,9.462710505,7.472527473
292,2887,95500,95500,95500,95400,95400,95400,95200,103800,0,0,-100,0,0,-200,8600,0,0,-0.104712042,0,0,-0.209643606,9.033613445
293,864,84900,87300,79600,76700,86700,85900,84000,83700,2400,-7700,-2900,10000,-800,-1900,-300,2.826855124,-8.820160367,-3.64321608,13.03780965,-0.92272203,-2.211874272,-0.357142857
294,2707,80200,47700,50600,55600,59100,62100,65000,66400,-32500,2900,5000,3500,3000,2900,1400,-40.52369077,6.07966457,9.881422925,6.294964029,5.076142132,4.669887279,2.153846154
295,271,114300,107900,101600,103200,105200,108300,111100,117900,-6400,-6300,1600,2000,3100,2800,6800,-5.599300087,-5.838739574,1.57480315,1.937984496,2.946768061,2.585410896,6.120612061
296,1466,121700,116000,109800,115700,116600,116700,124900,129200,-5700,-6200,5900,900,100,8200,4300,-4.683648316,-5.344827586,5.373406193,0.777873812,0.085763293,7.026563839,3.442754203
297,433,71700,70200,71000,68500,69500,70900,71500,73100,-1500,800,-2500,1000,1400,600,1600,-2.092050209,1.13960114,-3.521126761,1.459854015,2.014388489,0.846262341,2.237762238
298,434,103300,100700,100300,103900,105000,106600,108400,114500,-2600,-400,3600,1100,1600,1800,6100,-2.516940949,-0.397219464,3.589232303,1.058710298,1.523809524,1.688555347,5.627306273
299,371,212400,204900,197300,196600,200800,200000,196000,203100,-7500,-7600,-700,4200,-800,-4000,7100,-3.531073446,-3.709126403,-0.35478966,2.136317396,-0.398406375,-2,3.62244898
300,2076,115200,116700,116900,119100,120600,128900,141600,145100,1500,200,2200,1500,8300,12700,3500,1.302083333,0.171379606,1.881950385,1.259445844,6.88225539,9.852598914,2.471751412
301,1941,90000,88200,87600,86900,88800,91600,96200,102000,-1800,-600,-700,1900,2800,4600,5800,-2,-0.680272109,-0.799086758,2.186421174,3.153153153,5.021834061,6.029106029
302,272,182600,184910,182537,185742,190914,196784,204144,215823,2310,-2373,3205,5172,5870,7360,11679,1.265060241,-1.283327024,1.755808411,2.784507543,3.074682841,3.740141475,5.720961674
303,648,89700,89800,88100,91800,95500,95900,97800,102500,100,-1700,3700,3700,400,1900,4700,0.11148272,-1.893095768,4.199772985,4.030501089,0.418848168,1.981230448,4.805725971
304,951,241600,235900,223800,232000,242400,258900,292700,307200,-5700,-12100,8200,10400,16500,33800,14500,-2.359271523,-5.129292073,3.663985702,4.482758621,6.806930693,13.05523368,4.95387769
305,754,56187,54374,50681,49562,56162,57416,54778,57076,-1813,-3693,-1119,6600,1254,-2638,2298,-3.226725043,-6.791849045,-2.20792802,13.31665389,2.232826466,-4.594538108,4.195114827
306,1669,161100,159700,157700,162700,172700,177200,185800,198100,-1400,-2000,5000,10000,4500,8600,12300,-0.86902545,-1.252348153,3.170577045,6.1462815,2.60567458,4.853273138,6.620021529
307,1253,127200,125600,122500,123500,123800,124100,128400,132500,-1600,-3100,1000,300,300,4300,4100,-1.257861635,-2.468152866,0.816326531,0.24291498,0.242326333,3.464947623,3.193146417
308,692,110272,93049,94259,97452,96739,98638,103600,110792,-17223,1210,3193,-713,1899,4962,7192,-15.61865206,1.300390117,3.387474936,-0.731642244,1.963013883,5.030515623,6.942084942
309,285,268600,253200,237900,238200,249200,251100,258100,270800,-15400,-15300,300,11000,1900,7000,12700,-5.733432614,-6.042654028,0.126103405,4.617968094,0.762439807,2.787733971,4.920573421
310,135,218800,208400,198700,208600,230100,233300,242400,286200,-10400,-9700,9900,21500,3200,9100,43800,-4.753199269,-4.654510557,4.982385506,10.30680729,1.390699696,3.900557222,18.06930693
311,1783,146546,133291,123117,130384,153028,149748,150801,150122,-13255,-10174,7267,22644,-3280,1053,-679,-9.04494152,-7.632923453,5.902515493,17.36716161,-2.143398594,0.703181345,-0.450262266
312,1283,120900,108100,104100,109300,123600,133500,154000,169700,-12800,-4000,5200,14300,9900,20500,15700,-10.5872622,-3.700277521,4.995196926,13.08325709,8.009708738,15.35580524,10.19480519
313,1581,234700,228600,214000,222800,232400,238500,247100,261100,-6100,-14600,8800,9600,6100,8600,14000,-2.599062633,-6.386701662,4.112149533,4.308797127,2.624784854,3.605870021,5.66572238
314,1234,143000,136200,126600,127200,130200,136400,147100,148600,-6800,-9600,600,3000,6200,10700,1500,-4.755244755,-7.04845815,0.473933649,2.358490566,4.761904762,7.84457478,1.01971448
315,1469,221200,216400,209700,215100,225700,227900,240600,252000,-4800,-6700,5400,10600,2200,12700,11400,-2.169981917,-3.096118299,2.575107296,4.927940493,0.974745237,5.57261957,4.738154613
316,2199,71000,67700,54800,57600,62600,62700,65200,65200,-3300,-12900,2800,5000,100,2500,0,-4.647887324,-19.05465288,5.109489051,8.680555556,0.159744409,3.987240829,0
317,298,75700,73900,72800,74200,76100,75500,77600,78300,-1800,-1100,1400,1900,-600,2100,700,-2.377807133,-1.48849797,1.923076923,2.5606469,-0.788436268,2.781456954,0.902061856
318,1458,75167,74082,72240,73023,73685,75196,79204,85291,-1085,-1842,783,662,1511,4008,6087,-1.443452579,-2.486433952,1.083887043,0.906563685,2.050620886,5.330070748,7.685217918
319,701,135100,133100,130200,131300,134900,144200,150400,166200,-2000,-2900,1100,3600,9300,6200,15800,-1.4803849,-2.178812923,0.844854071,2.741812643,6.893995552,4.299583911,10.50531915
320,1776,109500,115200,85900,82700,81700,87500,91200,92600,5700,-29300,-3200,-1000,5800,3700,1400,5.205479452,-25.43402778,-3.725261932,-1.209189843,7.099143207,4.228571429,1.535087719
321,466,214900,195500,187600,190900,207400,223100,238000,255000,-19400,-7900,3300,16500,15700,14900,17000,-9.02745463,-4.040920716,1.759061834,8.643268727,7.569913211,6.678619453,7.142857143
322,408,82700,83500,86700,89800,91000,89200,89500,90500,800,3200,3100,1200,-1800,300,1000,0.967351874,3.832335329,3.575547866,1.336302895,-1.978021978,0.33632287,1.117318436
323,589,82500,82800,83900,87900,89600,84100,83800,87400,300,1100,4000,1700,-5500,-300,3600,0.363636364,1.328502415,4.767580453,1.934015927,-6.138392857,-0.356718193,4.295942721
324,834,95000,97200,85200,82200,84100,93100,95100,100800,2200,-12000,-3000,1900,9000,2000,5700,2.315789474,-12.34567901,-3.521126761,2.311435523,10.70154578,2.148227712,5.993690852
325,1248,171100,163100,148200,152700,168300,184100,196000,216600,-8000,-14900,4500,15600,15800,11900,20600,-4.675628288,-9.135499693,3.036437247,10.21611002,9.387997623,6.463878327,10.51020408
326,2528,73600,74800,73500,74700,78100,77700,84300,89800,1200,-1300,1200,3400,-400,6600,5500,1.630434783,-1.737967914,1.632653061,4.551539491,-0.512163892,8.494208494,6.524317912
327,2065,62000,63400,63400,61100,58600,54600,55400,52200,1400,0,-2300,-2500,-4000,800,-3200,2.258064516,0,-3.627760252,-4.091653028,-6.825938567,1.465201465,-5.776173285
328,820,132100,124600,118700,115500,120100,129100,129100,137600,-7500,-5900,-3200,4600,9000,0,8500,-5.677517033,-4.735152488,-2.695871946,3.982683983,7.493755204,0,6.584043377
329,617,79800,78000,76100,75100,77100,78200,79900,87500,-1800,-1900,-1000,2000,1100,1700,7600,-2.255639098,-2.435897436,-1.314060447,2.663115846,1.426718547,2.173913043,9.511889862
330,554,65200,63800,59900,67300,70500,71600,76700,85900,-1400,-3900,7400,3200,1100,5100,9200,-2.147239264,-6.112852665,12.35392321,4.754829123,1.560283688,7.122905028,11.99478488
331,1525,70900,68900,68500,69900,72500,77000,80400,82500,-2000,-400,1400,2600,4500,3400,2100,-2.820874471,-0.580551524,2.04379562,3.719599428,6.206896552,4.415584416,2.611940299
332,190,247100,236200,226600,225200,229500,236600,242200,249300,-10900,-9600,-1400,4300,7100,5600,7100,-4.411169567,-4.064352244,-0.617828773,1.909413854,3.093681917,2.366863905,2.931461602
333,1413,172500,164100,161600,160000,162300,167100,167100,173300,-8400,-2500,-1600,2300,4800,0,6200,-4.869565217,-1.523461304,-0.99009901,1.4375,2.957486137,0,3.710353082
334,94,303900,293400,283300,287200,297700,305000,311800,321500,-10500,-10100,3900,10500,7300,6800,9700,-3.455083909,-3.442399455,1.376632545,3.655988858,2.45213302,2.229508197,3.11096857
335,964,84100,81000,79800,81800,82900,85200,86800,88300,-3100,-1200,2000,1100,2300,1600,1500,-3.68608799,-1.481481481,2.506265664,1.344743276,2.774427021,1.877934272,1.728110599
336,144,201000,186900,176500,175200,183100,188700,194800,213600,-14100,-10400,-1300,7900,5600,6100,18800,-7.014925373,-5.56447298,-0.736543909,4.50913242,3.058438012,3.232644409,9.650924025
337,2666,66900,62500,64800,67600,63000,64900,67900,71500,-4400,2300,2800,-4600,1900,3000,3600,-6.576980568,3.68,4.320987654,-6.804733728,3.015873016,4.622496148,5.30191458
338,2901,83500,83500,83000,82900,82900,82900,82800,90300,0,-500,-100,0,0,-100,7500,0,-0.598802395,-0.120481928,0,0,-0.120627262,9.057971014
339,652,97000,91600,95300,101800,103000,103700,104900,108400,-5400,3700,6500,1200,700,1200,3500,-5.567010309,4.03930131,6.820566632,1.178781925,0.67961165,1.157184185,3.336510963
340,704,75900,74400,71100,69700,71900,72500,77800,80500,-1500,-3300,-1400,2200,600,5300,2700,-1.976284585,-4.435483871,-1.969057665,3.156384505,0.83449235,7.310344828,3.470437018
341,2527,71000,74800,70200,67700,66300,69000,73200,76000,3800,-4600,-2500,-1400,2700,4200,2800,5.352112676,-6.14973262,-3.561253561,-2.067946824,4.07239819,6.086956522,3.825136612
342,512,146700,126600,128100,127500,132300,140500,144000,151400,-20100,1500,-600,4800,8200,3500,7400,-13.70143149,1.184834123,-0.468384075,3.764705882,6.198034769,2.491103203,5.138888889
343,564,158100,152600,148100,150800,164200,167900,186800,203100,-5500,-4500,2700,13400,3700,18900,16300,-3.478810879,-2.948885976,1.823092505,8.885941645,2.253349574,11.25670042,8.725910064
344,268,248900,250200,254400,258500,268800,272800,281400,296000,1300,4200,4100,10300,4000,8600,14600,0.522298112,1.678657074,1.61163522,3.984526112,1.488095238,3.152492669,5.188343994
345,2023,70600,70900,69600,68600,67200,67500,70600,72200,300,-1300,-1000,-1400,300,3100,1600,0.424929178,-1.833568406,-1.436781609,-2.040816327,0.446428571,4.592592593,2.266288952
346,460,98400,96100,97700,95800,97500,97400,97000,98900,-2300,1600,-1900,1700,-100,-400,1900,-2.337398374,1.664932362,-1.944728762,1.774530271,-0.102564103,-0.410677618,1.958762887
347,1410,128500,125800,123500,123000,129300,137500,143900,144800,-2700,-2300,-500,6300,8200,6400,900,-2.101167315,-1.828298887,-0.4048583,5.12195122,6.341840681,4.654545455,0.625434329
348,847,162200,121000,111000,118400,133400,147900,158100,174300,-41200,-10000,7400,15000,14500,10200,16200,-25.40073983,-8.26446281,6.666666667,12.66891892,10.86956522,6.896551724,10.24667932
349,2469,115600,115700,115900,116000,115900,117400,116500,88500,100,200,100,-100,1500,-900,-28000,0.08650519,0.172860847,0.086281277,-0.086206897,1.294219154,-0.766609881,-24.03433476
350,1303,110100,99700,91800,87100,92400,97500,110300,122800,-10400,-7900,-4700,5300,5100,12800,12500,-9.44595822,-7.923771314,-5.119825708,6.084959816,5.519480519,13.12820513,11.33272892
351,125,279600,259700,242600,253700,278700,307100,342900,388800,-19900,-17100,11100,25000,28400,35800,45900,-7.117310443,-6.584520601,4.575432811,9.854158455,10.19016864,11.65744057,13.38582677
352,2698,50500,48800,47000,46200,46900,48900,51400,50900,-1700,-1800,-800,700,2000,2500,-500,-3.366336634,-3.68852459,-1.70212766,1.515151515,4.264392324,5.112474438,-0.972762646
353,2878,67900,70800,64900,70100,66600,70200,72900,83400,2900,-5900,5200,-3500,3600,2700,10500,4.270986745,-8.333333333,8.012326656,-4.992867332,5.405405405,3.846153846,14.40329218
354,1712,86800,99400,94400,91500,90500,97600,91800,93700,12600,-5000,-2900,-1000,7100,-5800,1900,14.51612903,-5.030181087,-3.072033898,-1.092896175,7.845303867,-5.942622951,2.069716776
355,1434,214500,208700,192200,189100,200800,207800,213200,238800,-5800,-16500,-3100,11700,7000,5400,25600,-2.703962704,-7.90608529,-1.612903226,6.187202538,3.486055777,2.598652551,12.00750469
356,744,93900,88000,83500,85900,83200,84000,90500,96300,-5900,-4500,2400,-2700,800,6500,5800,-6.283280085,-5.113636364,2.874251497,-3.143189756,0.961538462,7.738095238,6.408839779
357,695,76800,78800,78000,85500,80000,77600,76300,77800,2000,-800,7500,-5500,-2400,-1300,1500,2.604166667,-1.015228426,9.615384615,-6.432748538,-3,-1.675257732,1.965923984
358,2509,62200,59900,59200,64300,60100,57400,61600,60400,-2300,-700,5100,-4200,-2700,4200,-1200,-3.697749196,-1.168614357,8.614864865,-6.531881804,-4.492512479,7.317073171,-1.948051948
359,1347,108182,110469,107847,108404,100577,110994,112889,121291,2287,-2622,557,-7827,10417,1895,8402,2.11403006,-2.373516552,0.51647241,-7.220213276,10.35723873,1.707299494,7.44270921
360,1661,134600,131700,132900,129600,126700,124100,132300,131600,-2900,1200,-3300,-2900,-2600,8200,-700,-2.154531947,0.911161731,-2.483069977,-2.237654321,-2.052091555,6.607574537,-0.529100529
361,10,145000,132600,119900,134700,169100,185100,198500,216700,-12400,-12700,14800,34400,16000,13400,18200,-8.551724138,-9.577677225,12.34361968,25.53823311,9.461856889,7.239330092,9.168765743
362,292,91500,88100,83000,83700,86400,86200,90500,94300,-3400,-5100,700,2700,-200,4300,3800,-3.715846995,-5.788876277,0.843373494,3.225806452,-0.231481481,4.988399072,4.198895028
363,113,214600,202900,186800,197900,222100,240000,269200,301100,-11700,-16100,11100,24200,17900,29200,31900,-5.452003728,-7.934943322,5.942184154,12.22839818,8.059432688,12.16666667,11.84992571
364,1336,132800,125500,110100,119700,123300,125300,132800,143500,-7300,-15400,9600,3600,2000,7500,10700,-5.496987952,-12.27091633,8.719346049,3.007518797,1.622060016,5.985634477,8.057228916
365,2668,81200,92700,77600,80200,76700,76000,82900,88300,11500,-15100,2600,-3500,-700,6900,5400,14.16256158,-16.28910464,3.350515464,-4.364089776,-0.912646675,9.078947368,6.513872135
366,1014,292600,265900,265200,275100,282000,289500,286600,290600,-26700,-700,9900,6900,7500,-2900,4000,-9.125085441,-0.263256863,3.733031674,2.508178844,2.659574468,-1.001727116,1.395673412
367,723,248200,223700,212600,204000,212400,231700,241700,262700,-24500,-11100,-8600,8400,19300,10000,21000,-9.871071716,-4.962002682,-4.045155221,4.117647059,9.086629002,4.315925766,8.688456765
368,1260,158500,142900,133200,129500,139600,149500,156600,171000,-15600,-9700,-3700,10100,9900,7100,14400,-9.842271293,-6.787963611,-2.777777778,7.799227799,7.091690544,4.74916388,9.195402299
369,969,90700,88300,96800,97100,99600,102800,107000,114200,-2400,8500,300,2500,3200,4200,7200,-2.646085998,9.626274066,0.309917355,2.574665294,3.212851406,4.085603113,6.728971963
370,2463,66400,63900,68200,63600,74100,72500,71000,83000,-2500,4300,-4600,10500,-1600,-1500,12000,-3.765060241,6.729264476,-6.744868035,16.50943396,-2.159244265,-2.068965517,16.90140845
371,1768,75400,78100,80500,77900,82000,80800,89600,93500,2700,2400,-2600,4100,-1200,8800,3900,3.580901857,3.072983355,-3.229813665,5.263157895,-1.463414634,10.89108911,4.352678571
372,536,142400,138400,140100,144100,149400,159200,172600,180900,-4000,1700,4000,5300,9800,13400,8300,-2.808988764,1.228323699,2.855103498,3.678001388,6.55957162,8.417085427,4.808806489
373,1246,146700,142000,142200,135300,140300,147700,151800,161300,-4700,200,-6900,5000,7400,4100,9500,-3.203817314,0.14084507,-4.852320675,3.6954915,5.274411974,2.775897089,6.258234519
374,1067,167800,131700,116600,122500,125800,130100,137700,138800,-36100,-15100,5900,3300,4300,7600,1100,-21.51370679,-11.46545178,5.060034305,2.693877551,3.418124006,5.841660261,0.798838054
375,2347,81000,80900,78600,78700,81600,87500,93000,95800,-100,-2300,100,2900,5900,5500,2800,-0.12345679,-2.843016069,0.127226463,3.684879288,7.230392157,6.285714286,3.010752688
376,1236,52600,45500,37700,42200,54600,64000,74700,79000,-7100,-7800,4500,12400,9400,10700,4300,-13.49809886,-17.14285714,11.93633952,29.38388626,17.21611722,16.71875,5.756358768
377,2078,87110,90821,89689,91683,95579,99084,100608,108553,3711,-1132,1994,3896,3505,1524,7945,4.260130869,-1.246407769,2.223238078,4.249424648,3.667123531,1.538088894,7.896986323
378,1087,213800,212300,209300,215900,227800,242200,270800,297000,-1500,-3000,6600,11900,14400,28600,26200,-0.701590271,-1.413094677,3.153368371,5.511811024,6.321334504,11.80842279,9.675036928
379,430,58800,57800,58000,58100,58200,60300,60000,64200,-1000,200,100,100,2100,-300,4200,-1.700680272,0.346020761,0.172413793,0.17211704,3.608247423,-0.497512438,7
380,2383,103200,94200,92000,93700,102700,107800,116200,127900,-9000,-2200,1700,9000,5100,8400,11700,-8.720930233,-2.335456476,1.847826087,9.605122732,4.965920156,7.792207792,10.06884682
381,2516,86700,80500,85400,90900,76000,69000,91500,109400,-6200,4900,5500,-14900,-7000,22500,17900,-7.151095732,6.086956522,6.44028103,-16.39163916,-9.210526316,32.60869565,19.56284153
382,835,121500,117300,113100,120500,121400,123400,120100,124600,-4200,-4200,7400,900,2000,-3300,4500,-3.456790123,-3.58056266,6.542882405,0.746887967,1.647446458,-2.674230146,3.746877602
383,214,133000,133600,129800,129700,134100,136600,142500,150500,600,-3800,-100,4400,2500,5900,8000,0.45112782,-2.844311377,-0.077041602,3.392444102,1.864280388,4.319180088,5.614035088
384,382,88800,87300,83800,81400,82800,83200,85100,89000,-1500,-3500,-2400,1400,400,1900,3900,-1.689189189,-4.009163803,-2.863961814,1.71990172,0.483091787,2.283653846,4.582843713
385,172,129100,128600,127300,127200,128300,130800,145900,153000,-500,-1300,-100,1100,2500,15100,7100,-0.387296669,-1.01088647,-0.078554595,0.864779874,1.948558067,11.54434251,4.866346813
386,602,96900,97500,97800,99000,99300,103700,103600,105700,600,300,1200,300,4400,-100,2100,0.619195046,0.307692308,1.226993865,0.303030303,4.43101712,-0.096432015,2.027027027
387,1635,105300,101800,99100,101500,95500,110100,108200,107800,-3500,-2700,2400,-6000,14600,-1900,-400,-3.323836657,-2.652259332,2.421796165,-5.911330049,15.28795812,-1.725703906,-0.369685767
388,1985,87200,84500,80400,79200,75700,76600,78700,83600,-2700,-4100,-1200,-3500,900,2100,4900,-3.096330275,-4.852071006,-1.492537313,-4.419191919,1.188903567,2.74151436,6.226175349
389,1423,119800,128200,123800,119800,129000,139900,144900,159000,8400,-4400,-4000,9200,10900,5000,14100,7.011686144,-3.432137285,-3.231017771,7.679465776,8.449612403,3.573981415,9.730848861
390,429,108000,108700,108100,108800,112000,114700,118200,117700,700,-600,700,3200,2700,3500,-500,0.648148148,-0.551977921,0.647548566,2.941176471,2.410714286,3.051438535,-0.423011844
391,672,99000,102200,115700,91200,92900,106700,110600,116500,3200,13500,-24500,1700,13800,3900,5900,3.232323232,13.20939335,-21.17545376,1.864035088,14.85468245,3.655107779,5.334538879
392,699,104600,112400,111400,112100,118400,118200,121700,129800,7800,-1000,700,6300,-200,3500,8100,7.456978967,-0.889679715,0.628366248,5.619982159,-0.168918919,2.96108291,6.655710764
393,1179,174300,160500,144800,153200,167100,185800,192900,215500,-13800,-15700,8400,13900,18700,7100,22600,-7.917383821,-9.781931464,5.801104972,9.07310705,11.19090365,3.82131324,11.71591498
394,305,150700,139900,139200,137400,120500,124200,118900,123500,-10800,-700,-1800,-16900,3700,-5300,4600,-7.166556072,-0.500357398,-1.293103448,-12.29985444,3.070539419,-4.267310789,3.868797309
395,1659,64700,63500,63200,63900,65900,66500,72700,74700,-1200,-300,700,2000,600,6200,2000,-1.854714065,-0.472440945,1.107594937,3.129890454,0.91047041,9.323308271,2.751031637
396,300,262500,244400,226200,229800,248400,270300,286400,312500,-18100,-18200,3600,18600,21900,16100,26100,-6.895238095,-7.446808511,1.591511936,8.093994778,8.816425121,5.956344802,9.113128492
397,594,117200,106700,108100,114700,107200,103500,105100,104600,-10500,1400,6600,-7500,-3700,1600,-500,-8.959044369,1.312089972,6.105457909,-6.538796861,-3.451492537,1.54589372,-0.475737393
398,2013,73400,72200,68200,68900,69600,72400,69800,74100,-1200,-4000,700,700,2800,-2600,4300,-1.634877384,-5.540166205,1.026392962,1.015965167,4.022988506,-3.591160221,6.160458453
399,1514,94300,89800,90500,89300,94000,96400,109600,117300,-4500,700,-1200,4700,2400,13200,7700,-4.772004242,0.779510022,-1.325966851,5.263157895,2.553191489,13.69294606,7.025547445
400,561,84500,79300,90200,90100,83600,86200,88900,92100,-5200,10900,-100,-6500,2600,2700,3200,-6.153846154,13.74527112,-0.110864745,-7.214206437,3.110047847,3.13225058,3.599550056
401,1418,142200,129300,128300,129600,130800,133800,139400,144600,-12900,-1000,1300,1200,3000,5600,5200,-9.071729958,-0.773395205,1.013250195,0.925925926,2.293577982,4.185351271,3.730272597
402,1508,74300,73300,72400,74900,70600,78800,77900,78200,-1000,-900,2500,-4300,8200,-900,300,-1.34589502,-1.227830832,3.453038674,-5.740987984,11.61473088,-1.14213198,0.385109114
403,1997,136400,136400,136400,136400,136300,136800,132900,125600,0,0,0,-100,500,-3900,-7300,0,0,0,-0.073313783,0.366837858,-2.850877193,-5.492851768
404,703,91400,83700,79900,82700,85300,90000,94200,103400,-7700,-3800,2800,2600,4700,4200,9200,-8.424507659,-4.540023895,3.504380476,3.143893591,5.50996483,4.666666667,9.766454352
405,1212,230600,217700,211000,223200,240400,270900,303200,318100,-12900,-6700,12200,17200,30500,32300,14900,-5.594102342,-3.077629766,5.781990521,7.70609319,12.68718802,11.9232189,4.914248021
406,54,202200,200800,200500,205800,223700,241400,266100,294900,-1400,-300,5300,17900,17700,24700,28800,-0.692383778,-0.14940239,2.643391521,8.69776482,7.912382655,10.23198012,10.82299887
407,959,163700,152300,142100,141100,138000,140400,150300,153800,-11400,-10200,-1000,-3100,2400,9900,3500,-6.963958461,-6.697307945,-0.703729768,-2.197023388,1.739130435,7.051282051,2.328675981
408,2494,86900,85400,84000,86600,92300,99900,105400,116900,-1500,-1400,2600,5700,7600,5500,11500,-1.726121979,-1.639344262,3.095238095,6.581986143,8.234019502,5.505505506,10.91081594
409,2170,78500,77500,71800,71500,72400,76200,79100,78600,-1000,-5700,-300,900,3800,2900,-500,-1.27388535,-7.35483871,-0.417827298,1.258741259,5.248618785,3.805774278,-0.632111252
410,1451,104900,98900,97500,96800,98200,96000,104700,104700,-6000,-1400,-700,1400,-2200,8700,0,-5.719733079,-1.415571284,-0.717948718,1.446280992,-2.240325866,9.0625,0
411,1326,169400,156500,152400,150800,156800,166700,174500,178000,-12900,-4100,-1600,6000,9900,7800,3500,-7.615112161,-2.619808307,-1.049868766,3.978779841,6.31377551,4.679064187,2.005730659
412,507,216300,196900,200200,196600,208500,199500,200700,210500,-19400,3300,-3600,11900,-9000,1200,9800,-8.969024503,1.675977654,-1.798201798,6.052899288,-4.316546763,0.601503759,4.882909816
413,599,202000,176800,162900,161000,189400,201700,226000,251200,-25200,-13900,-1900,28400,12300,24300,25200,-12.47524752,-7.86199095,-1.16635973,17.63975155,6.494192186,12.04759544,11.15044248
414,482,109100,110800,108900,111200,113200,114600,119100,122200,1700,-1900,2300,2000,1400,4500,3100,1.558203483,-1.714801444,2.112029385,1.798561151,1.236749117,3.926701571,2.602854744
415,544,153800,148300,144000,143400,143100,150300,159000,165600,-5500,-4300,-600,-300,7200,8700,6600,-3.576072822,-2.899527984,-0.416666667,-0.209205021,5.031446541,5.788423154,4.150943396
416,347,73100,67800,66900,69700,70500,74800,75800,77200,-5300,-900,2800,800,4300,1000,1400,-7.250341997,-1.327433628,4.185351271,1.147776184,6.09929078,1.336898396,1.846965699
417,540,91200,88400,86100,85600,83100,86800,90100,93000,-2800,-2300,-500,-2500,3700,3300,2900,-3.070175439,-2.601809955,-0.580720093,-2.920560748,4.452466907,3.801843318,3.218645949
418,898,159100,131300,124600,124000,158400,186000,188000,189400,-27800,-6700,-600,34400,27600,2000,1400,-17.47328724,-5.102817974,-0.481540931,27.74193548,17.42424242,1.075268817,0.744680851
419,1351,209600,198200,208100,213100,227400,238800,256300,279600,-11400,9900,5000,14300,11400,17500,23300,-5.438931298,4.994954591,2.402691014,6.710464571,5.013192612,7.328308208,9.090909091
420,318,89900,93900,87600,86700,85200,75800,78700,74000,4000,-6300,-900,-1500,-9400,2900,-4700,4.449388209,-6.709265176,-1.02739726,-1.730103806,-11.03286385,3.82585752,-5.972045743
421,2300,52900,52500,52600,52700,55500,59200,59800,62800,-400,100,100,2800,3700,600,3000,-0.756143667,0.19047619,0.190114068,5.313092979,6.666666667,1.013513514,5.016722408
422,2495,55500,55800,57400,56300,56300,58600,60200,63300,300,1600,-1100,0,2300,1600,3100,0.540540541,2.867383513,-1.916376307,0,4.085257549,2.730375427,5.149501661
423,27,339500,326700,297400,335300,423500,462000,518200,558400,-12800,-29300,37900,88200,38500,56200,40200,-3.770250368,-8.968472605,12.74377942,26.30480167,9.090909091,12.16450216,7.75762254
424,2108,183000,181600,183600,189700,195000,202800,213100,218100,-1400,2000,6100,5300,7800,10300,5000,-0.765027322,1.101321586,3.322440087,2.793885082,4,5.078895464,2.346316283
425,1156,199500,178200,159000,157300,173100,184400,193700,205400,-21300,-19200,-1700,15800,11300,9300,11700,-10.67669173,-10.77441077,-1.06918239,10.04450095,6.528018486,5.043383948,6.040268456
426,1629,98700,96500,96100,97600,102700,109300,116800,122800,-2200,-400,1500,5100,6600,7500,6000,-2.228976697,-0.414507772,1.560874089,5.225409836,6.426484907,6.861848124,5.136986301
427,1697,99400,96200,95000,98400,98500,102200,104800,106600,-3200,-1200,3400,100,3700,2600,1800,-3.219315895,-1.247401247,3.578947368,0.101626016,3.756345178,2.544031311,1.717557252
428,508,154700,144500,135100,138200,146400,153400,165800,173700,-10200,-9400,3100,8200,7000,12400,7900,-6.593406593,-6.505190311,2.294596595,5.933429812,4.781420765,8.083441982,4.76477684
429,2187,64400,66900,62600,62100,60700,62000,62500,72000,2500,-4300,-500,-1400,1300,500,9500,3.881987578,-6.427503737,-0.798722045,-2.254428341,2.141680395,0.806451613,15.2
430,600,99400,99400,100600,100100,101900,104500,108300,107000,0,1200,-500,1800,2600,3800,-1300,0,1.207243461,-0.497017893,1.798201798,2.551521099,3.636363636,-1.200369344
431,1422,101300,99000,97100,98000,97500,97400,99000,99900,-2300,-1900,900,-500,-100,1600,900,-2.270483712,-1.919191919,0.926879506,-0.510204082,-0.102564103,1.642710472,0.909090909
432,727,73900,74700,72000,72600,74000,77600,83500,83900,800,-2700,600,1400,3600,5900,400,1.082543978,-3.614457831,0.833333333,1.928374656,4.864864865,7.603092784,0.479041916
433,2618,55200,56200,63700,54300,46000,50700,55400,71400,1000,7500,-9400,-8300,4700,4700,16000,1.811594203,13.34519573,-14.7566719,-15.2854512,10.2173913,9.270216963,28.88086643
434,715,103100,110100,87400,90200,87300,81700,87800,95800,7000,-22700,2800,-2900,-5600,6100,8000,6.789524733,-20.61762035,3.203661327,-3.215077605,-6.414662085,7.466340269,9.111617312
435,2246,75100,91500,66700,69600,72400,74100,82900,88600,16400,-24800,2900,2800,1700,8800,5700,21.83754993,-27.10382514,4.347826087,4.022988506,2.348066298,11.87584345,6.87575392
436,1325,151600,142600,133900,135900,146600,157500,167400,183000,-9000,-8700,2000,10700,10900,9900,15600,-5.936675462,-6.100981767,1.493651979,7.87343635,7.435197817,6.285714286,9.318996416
437,1651,64200,66100,63800,66300,54700,53100,60400,65600,1900,-2300,2500,-11600,-1600,7300,5200,2.959501558,-3.479576399,3.918495298,-17.49622926,-2.925045704,13.74764595,8.609271523
438,362,163900,158800,143000,148900,158800,167700,166400,189100,-5100,-15800,5900,9900,8900,-1300,22700,-3.111653447,-9.949622166,4.125874126,6.648757555,5.604534005,-0.775193798,13.64182692
439,1930,68632,67440,70055,70541,69898,69358,70664,72741,-1192,2615,486,-643,-540,1306,2077,-1.736799161,3.877520759,0.693740632,-0.91152663,-0.772554293,1.882983938,2.939261859
440,1135,88800,64700,59100,72200,72500,66000,78300,96300,-24100,-5600,13100,300,-6500,12300,18000,-27.13963964,-8.655332303,22.16582064,0.415512465,-8.965517241,18.63636364,22.98850575
441,385,101100,98100,96800,97600,102400,106900,114700,120900,-3000,-1300,800,4800,4500,7800,6200,-2.96735905,-1.325178389,0.826446281,4.918032787,4.39453125,7.296538821,5.405405405
442,359,146000,143200,138000,131900,133000,127600,129500,133000,-2800,-5200,-6100,1100,-5400,1900,3500,-1.917808219,-3.631284916,-4.420289855,0.833965125,-4.060150376,1.489028213,2.702702703
443,515,97800,97600,93500,95300,95500,97100,102600,102100,-200,-4100,1800,200,1600,5500,-500,-0.204498978,-4.200819672,1.92513369,0.209863589,1.67539267,5.664263646,-0.487329435
444,1065,68900,66900,67000,68400,67100,69100,67300,69500,-2000,100,1400,-1300,2000,-1800,2200,-2.90275762,0.149476831,2.089552239,-1.900584795,2.980625931,-2.604920405,3.268945022
445,1623,66800,66000,65300,66000,66000,68000,69000,70500,-800,-700,700,0,2000,1000,1500,-1.19760479,-1.060606061,1.071975498,0,3.03030303,1.470588235,2.173913043
446,1940,62400,55200,56200,56500,54400,58700,65100,68800,-7200,1000,300,-2100,4300,6400,3700,-11.53846154,1.811594203,0.533807829,-3.716814159,7.904411765,10.90289608,5.683563748
447,1807,106100,104800,105400,105500,106800,112400,117200,120200,-1300,600,100,1300,5600,4800,3000,-1.225259189,0.572519084,0.09487666,1.232227488,5.243445693,4.270462633,2.559726962
448,651,64949,66381,60810,62586,61511,63627,65071,65772,1432,-5571,1776,-1075,2116,1444,701,2.204806848,-8.392461698,2.920572274,-1.717636532,3.440035116,2.269476794,1.077284812
449,409,78500,78700,73500,76800,77300,79100,79200,81500,200,-5200,3300,500,1800,100,2300,0.25477707,-6.607369759,4.489795918,0.651041667,2.328589909,0.12642225,2.904040404
450,473,83300,84200,80500,80800,79000,81300,84500,96800,900,-3700,300,-1800,2300,3200,12300,1.080432173,-4.394299287,0.372670807,-2.227722772,2.911392405,3.93603936,14.55621302
451,2056,77182,78068,73338,67255,72383,75768,76432,81333,886,-4730,-6083,5128,3385,664,4901,1.147936047,-6.058820515,-8.29447217,7.624711917,4.676512441,0.876359413,6.412235713
452,588,88900,80400,75800,82800,79700,80500,83400,85000,-8500,-4600,7000,-3100,800,2900,1600,-9.561304837,-5.721393035,9.234828496,-3.743961353,1.003764115,3.602484472,1.918465228
453,2295,62900,60300,63300,66200,64800,65200,65200,69000,-2600,3000,2900,-1400,400,0,3800,-4.13354531,4.975124378,4.58135861,-2.114803625,0.617283951,0,5.828220859
454,904,144800,130300,126800,140500,148000,160200,175700,209200,-14500,-3500,13700,7500,12200,15500,33500,-10.01381215,-2.686108979,10.8044164,5.338078292,8.243243243,9.675405743,19.06659078
455,2918,62000,62000,62000,62000,62000,62000,61600,67100,0,0,0,0,0,-400,5500,0,0,0,0,0,-0.64516129,8.928571429
456,1474,128800,125200,121800,125800,133600,140500,152400,164200,-3600,-3400,4000,7800,6900,11900,11800,-2.795031056,-2.715654952,3.28407225,6.200317965,5.164670659,8.46975089,7.742782152
457,1405,107900,105619,104670,104058,107549,111353,114423,117946,-2281,-949,-612,3491,3804,3070,3523,-2.113994439,-0.898512578,-0.584694755,3.35485979,3.536992441,2.756998015,3.07892644
458,622,192200,174800,171000,188200,210100,219500,220200,229800,-17400,-3800,17200,21900,9400,700,9600,-9.053069719,-2.173913043,10.05847953,11.63655685,4.474059971,0.318906606,4.359673025
459,2425,65700,66600,63400,62500,57000,56600,72400,92000,900,-3200,-900,-5500,-400,15800,19600,1.369863014,-4.804804805,-1.41955836,-8.8,-0.701754386,27.91519435,27.0718232
460,161,213900,213800,209400,214500,218800,237600,242900,262700,-100,-4400,5100,4300,18800,5300,19800,-0.046750818,-2.057998129,2.435530086,2.004662005,8.592321755,2.230639731,8.151502676
461,142,109300,110000,107500,101100,100200,99000,96300,101000,700,-2500,-6400,-900,-1200,-2700,4700,0.640439158,-2.272727273,-5.953488372,-0.890207715,-1.19760479,-2.727272727,4.880581516
462,267,145400,138900,129400,126700,127200,120800,121700,121400,-6500,-9500,-2700,500,-6400,900,-300,-4.47042641,-6.839452844,-2.086553323,0.394632991,-5.031446541,0.745033113,-0.246507806
463,184,181200,177400,173400,173700,176000,175400,177400,184300,-3800,-4000,300,2300,-600,2000,6900,-2.097130243,-2.254791432,0.173010381,1.32412205,-0.340909091,1.140250855,3.88951522
464,1495,112600,112700,107100,104900,102600,108000,120500,123600,100,-5600,-2200,-2300,5400,12500,3100,0.088809947,-4.968944099,-2.054154995,-2.192564347,5.263157895,11.57407407,2.572614108
465,1085,87200,96400,98400,90700,94600,94900,98200,110400,9200,2000,-7700,3900,300,3300,12200,10.55045872,2.074688797,-7.825203252,4.299889746,0.317124736,3.477344573,12.42362525
466,867,225500,222500,217200,223900,234000,239900,230900,242800,-3000,-5300,6700,10100,5900,-9000,11900,-1.33037694,-2.382022472,3.084714549,4.510942385,2.521367521,-3.751563151,5.15374621
467,886,258200,232400,216600,225000,242200,249900,258300,275900,-25800,-15800,8400,17200,7700,8400,17600,-9.992254067,-6.798623064,3.878116343,7.644444444,3.179190751,3.361344538,6.813782424
468,2045,84971,84817,87738,87861,88914,90015,92122,95249,-154,2921,123,1053,1101,2107,3127,-0.181238305,3.44388507,0.140190111,1.198483969,1.238275187,2.340720991,3.394411758
469,22,108900,106900,97100,94700,98200,99500,103100,112700,-2000,-9800,-2400,3500,1300,3600,9600,-1.836547291,-9.167446211,-2.471678682,3.695881732,1.323828921,3.618090452,9.311348206
470,1911,108800,105400,90700,96000,100800,105100,109700,116400,-3400,-14700,5300,4800,4300,4600,6700,-3.125,-13.94686907,5.843439912,5,4.265873016,4.376784015,6.107566089
471,121,207600,194000,178100,196400,213100,223900,232600,250700,-13600,-15900,18300,16700,10800,8700,18100,-6.55105973,-8.195876289,10.27512633,8.50305499,5.068043172,3.885663243,7.781599312
472,902,106818,95181,95115,102846,108134,108344,124036,127244,-11637,-66,7731,5288,210,15692,3208,-10.89423131,-0.06934157,8.128055512,5.141668125,0.194203488,14.48349701,2.5863459
473,1097,49700,50700,42400,45700,48600,43600,51000,60700,1000,-8300,3300,2900,-5000,7400,9700,2.012072435,-16.37080868,7.783018868,6.345733042,-10.28806584,16.97247706,19.01960784
474,491,164900,164700,156400,171900,178000,186800,195200,213800,-200,-8300,15500,6100,8800,8400,18600,-0.121285628,-5.039465695,9.910485934,3.548574753,4.943820225,4.496788009,9.528688525
475,1906,66800,64700,65600,70800,69400,84300,97400,121000,-2100,900,5200,-1400,14900,13100,23600,-3.143712575,1.391035549,7.926829268,-1.97740113,21.46974063,15.53973903,24.22997947
476,6,118300,115100,110700,111500,117400,125500,134500,161000,-3200,-4400,800,5900,8100,9000,26500,-2.70498732,-3.822762815,0.722673893,5.291479821,6.899488927,7.171314741,19.70260223
477,98,205300,201500,192600,193600,203400,209900,222700,244200,-3800,-8900,1000,9800,6500,12800,21500,-1.85094983,-4.416873449,0.5192108,5.061983471,3.19567355,6.098141972,9.654243377
478,660,60315,58191,55643,56921,54520,50382,50154,53037,-2124,-2548,1278,-2401,-4138,-228,2883,-3.521512062,-4.378683989,2.296784861,-4.218126878,-7.589875275,-0.452542575,5.748295251
479,756,279700,265200,268800,270400,275400,260800,281100,274700,-14500,3600,1600,5000,-14600,20300,-6400,-5.184125849,1.357466063,0.595238095,1.849112426,-5.301379811,7.783742331,-2.276769833
480,568,98000,96000,123100,137500,142100,150800,138200,103700,-2000,27100,14400,4600,8700,-12600,-34500,-2.040816327,28.22916667,11.69780666,3.345454545,6.12244898,-8.355437666,-24.96382055
481,478,68400,65000,62200,62500,62500,64200,66500,68200,-3400,-2800,300,0,1700,2300,1700,-4.970760234,-4.307692308,0.482315113,0,2.72,3.582554517,2.556390977
482,167,151900,145100,139200,135700,138700,138200,140800,145600,-6800,-5900,-3500,3000,-500,2600,4800,-4.476629361,-4.066161268,-2.514367816,2.210759027,-0.360490267,1.881331404,3.409090909
483,251,114500,111200,108900,101300,102800,112000,113800,118500,-3300,-2300,-7600,1500,9200,1800,4700,-2.88209607,-2.068345324,-6.978879706,1.480750247,8.949416342,1.607142857,4.130052724
484,69,147600,139200,134900,139600,151700,164300,190800,219200,-8400,-4300,4700,12100,12600,26500,28400,-5.691056911,-3.08908046,3.484062268,8.667621777,8.305866842,16.12903226,14.88469602
485,684,143300,139800,137700,139200,140600,145000,151300,156600,-3500,-2100,1500,1400,4400,6300,5300,-2.442428472,-1.502145923,1.089324619,1.005747126,3.129445235,4.344827586,3.502974223
486,1717,68500,67600,67800,70900,72700,72500,75400,79300,-900,200,3100,1800,-200,2900,3900,-1.313868613,0.295857988,4.572271386,2.538787024,-0.275103164,4,5.172413793
487,1368,96600,99100,97200,97800,98600,102200,104400,111900,2500,-1900,600,800,3600,2200,7500,2.587991718,-1.917255298,0.617283951,0.81799591,3.651115619,2.152641879,7.183908046
488,1216,234100,219900,214000,207400,232700,240000,241400,267900,-14200,-5900,-6600,25300,7300,1400,26500,-6.065783853,-2.683037744,-3.08411215,12.19864995,3.137086377,0.583333333,10.97763049
489,1830,181400,170100,158500,160900,175100,184600,197800,208800,-11300,-11600,2400,14200,9500,13200,11000,-6.229327453,-6.819517931,1.514195584,8.825357365,5.425471159,7.150595883,5.561172902
490,859,75275,73338,81318,82481,82715,89669,92109,97404,-1937,7980,1163,234,6954,2440,5295,-2.573231485,10.88112575,1.430187658,0.283701701,8.407181285,2.721118781,5.748623913
491,2853,47700,47100,45500,47400,51400,57000,62300,67500,-600,-1600,1900,4000,5600,5300,5200,-1.257861635,-3.397027601,4.175824176,8.438818565,10.89494163,9.298245614,8.34670947
492,1436,87000,85800,85400,81300,80800,81400,84100,88500,-1200,-400,-4100,-500,600,2700,4400,-1.379310345,-0.466200466,-4.800936768,-0.61500615,0.742574257,3.316953317,5.231866825
493,1591,98147,95037,92728,89262,89468,93615,99575,105963,-3110,-2309,-3466,206,4147,5960,6388,-3.168716313,-2.429580058,-3.737813821,0.230781296,4.635176823,6.366501095,6.415264876
494,1674,81500,76400,68100,72300,78200,83900,89800,99200,-5100,-8300,4200,5900,5700,5900,9400,-6.257668712,-10.86387435,6.167400881,8.1604426,7.289002558,7.032181168,10.46770601
495,2241,67100,67800,68500,70600,76400,82000,88400,96800,700,700,2100,5800,5600,6400,8400,1.043219076,1.032448378,3.065693431,8.21529745,7.329842932,7.804878049,9.502262443
496,1357,162200,145000,129400,124400,132900,140600,141300,147400,-17200,-15600,-5000,8500,7700,700,6100,-10.60419236,-10.75862069,-3.863987635,6.832797428,5.793829947,0.497866287,4.317055909
497,3093,101300,98000,94500,93400,93700,97600,116000,105800,-3300,-3500,-1100,300,3900,18400,-10200,-3.257650543,-3.571428571,-1.164021164,0.321199143,4.162219851,18.85245902,-8.793103448
498,256,148800,147500,146000,144700,141600,149200,151400,154100,-1300,-1500,-1300,-3100,7600,2200,2700,-0.873655914,-1.016949153,-0.890410959,-2.142363511,5.367231638,1.474530831,1.78335535
499,593,139300,138600,135900,135900,135500,138800,145400,151400,-700,-2700,0,-400,3300,6600,6000,-0.502512563,-1.948051948,0,-0.294334069,2.435424354,4.755043228,4.126547455
500,2040,92200,91300,85400,79600,79800,83800,86300,88200,-900,-5900,-5800,200,4000,2500,1900,-0.976138829,-6.462212486,-6.791569087,0.251256281,5.012531328,2.983293556,2.201622248
501,1789,105000,109400,114100,85600,85300,89600,95600,100300,4400,4700,-28500,-300,4300,6000,4700,4.19047619,4.296160878,-24.9780894,-0.35046729,5.041031653,6.696428571,4.916317992
502,1955,61100,55300,52500,55900,57500,59700,60900,61300,-5800,-2800,3400,1600,2200,1200,400,-9.492635025,-5.063291139,6.476190476,2.862254025,3.826086957,2.010050251,0.65681445
503,2135,101300,90000,91500,90900,94900,97700,107100,111400,-11300,1500,-600,4000,2800,9400,4300,-11.15498519,1.666666667,-0.655737705,4.400440044,2.950474183,9.621289662,4.014939309
504,702,77300,91600,82400,90500,89500,88900,95700,97300,14300,-9200,8100,-1000,-600,6800,1600,18.49935317,-10.04366812,9.830097087,-1.104972376,-0.670391061,7.64904387,1.671891327
505,1178,131500,119300,99500,92300,113300,130100,143400,156300,-12200,-19800,-7200,21000,16800,13300,12900,-9.27756654,-16.59681475,-7.236180905,22.75189599,14.82789056,10.22290546,8.9958159
506,1879,93500,89100,86500,86900,92100,94600,101600,108300,-4400,-2600,400,5200,2500,7000,6700,-4.705882353,-2.918069585,0.462427746,5.983889528,2.714440825,7.399577167,6.594488189
507,805,216200,186900,165400,166000,175300,179100,197700,216400,-29300,-21500,600,9300,3800,18600,18700,-13.55226642,-11.5034778,0.362756953,5.602409639,2.167712493,10.38525963,9.458775923
508,953,111300,119000,116800,119100,123600,125100,127000,132500,7700,-2200,2300,4500,1500,1900,5500,6.918238994,-1.848739496,1.969178082,3.778337531,1.213592233,1.518784972,4.330708661
509,1333,82500,80400,78300,77900,77400,79300,69300,74500,-2100,-2100,-400,-500,1900,-10000,5200,-2.545454545,-2.611940299,-0.510855683,-0.641848524,2.454780362,-12.61034048,7.503607504
510,609,130300,124800,112600,117100,114600,117100,118700,123500,-5500,-12200,4500,-2500,2500,1600,4800,-4.221028396,-9.775641026,3.996447602,-2.134927412,2.181500873,1.366353544,4.043807919
511,237,231100,227000,222900,228100,236500,248400,260800,278100,-4100,-4100,5200,8400,11900,12400,17300,-1.774123756,-1.806167401,2.332884702,3.682595353,5.031712474,4.99194847,6.633435583
512,679,133000,127700,126200,129700,130800,129800,127900,142700,-5300,-1500,3500,1100,-1000,-1900,14800,-3.984962406,-1.174628034,2.773375594,0.848111025,-0.764525994,-1.463790447,11.57154027
513,79,206900,197600,186000,182200,181000,182200,186900,192300,-9300,-11600,-3800,-1200,1200,4700,5400,-4.494925085,-5.870445344,-2.043010753,-0.658616905,0.662983425,2.579582876,2.889245586
514,787,165715,154540,148472,149741,155125,168705,180461,196903,-11175,-6068,1269,5384,13580,11756,16442,-6.743505416,-3.926491523,0.854706611,3.595541635,8.754230459,6.968376752,9.11110988
515,1642,47900,50400,55300,63900,65500,68900,80000,86800,2500,4900,8600,1600,3400,11100,6800,5.219206681,9.722222222,15.55153707,2.503912363,5.190839695,16.11030479,8.5
516,2689,59200,54600,52900,54000,55800,56900,59800,62900,-4600,-1700,1100,1800,1100,2900,3100,-7.77027027,-3.113553114,2.079395085,3.333333333,1.971326165,5.096660808,5.183946488
517,65,184700,183200,179900,183700,195000,206100,232900,256200,-1500,-3300,3800,11300,11100,26800,23300,-0.812127775,-1.801310044,2.112284603,6.151333696,5.692307692,13.00339641,10.00429369
518,76,215500,208700,209900,229200,252700,283700,330900,368100,-6800,1200,19300,23500,31000,47200,37200,-3.155452436,0.574988021,9.194854693,10.2530541,12.26751088,16.63729292,11.24206709
519,690,72300,72000,71600,72900,74300,77600,80700,82500,-300,-400,1300,1400,3300,3100,1800,-0.414937759,-0.555555556,1.815642458,1.920438957,4.441453567,3.994845361,2.230483271
520,266,195900,187400,178500,193600,238700,264600,303700,335900,-8500,-8900,15100,45100,25900,39100,32200,-4.338948443,-4.749199573,8.459383754,23.29545455,10.85043988,14.77702192,10.60256832
521,2506,79900,80900,78800,78600,76400,76600,76900,78900,1000,-2100,-200,-2200,200,300,2000,1.251564456,-2.595797281,-0.253807107,-2.798982188,0.261780105,0.391644909,2.600780234
522,970,172900,172600,155200,168000,174700,178400,183700,195700,-300,-17400,12800,6700,3700,5300,12000,-0.1735107,-10.0811124,8.24742268,3.988095238,2.117916428,2.970852018,6.532389766
523,1868,96600,90600,88000,88500,89500,92900,89700,93100,-6000,-2600,500,1000,3400,-3200,3400,-6.211180124,-2.869757174,0.568181818,1.129943503,3.798882682,-3.444564047,3.790412486
524,597,107100,109100,103900,107900,109700,118500,129600,142100,2000,-5200,4000,1800,8800,11100,12500,1.867413632,-4.766269478,3.84985563,1.668211307,8.021877849,9.367088608,9.645061728
525,1757,147962,133123,124336,122150,121141,128583,129901,132821,-14839,-8787,-2186,-1009,7442,1318,2920,-10.02892635,-6.600662545,-1.758139236,-0.826033565,6.143254555,1.025018859,2.247865682
526,75,353100,356000,352600,384700,428700,452400,482400,528100,2900,-3400,32100,44000,23700,30000,45700,0.821297083,-0.95505618,9.10380034,11.43748375,5.528341498,6.631299735,9.473466003
527,1914,66000,62800,56300,61700,64300,70000,74300,81400,-3200,-6500,5400,2600,5700,4300,7100,-4.848484848,-10.35031847,9.591474245,4.213938412,8.864696734,6.142857143,9.555854643
528,923,146800,144600,139900,142500,148000,151200,158700,166600,-2200,-4700,2600,5500,3200,7500,7900,-1.498637602,-3.250345781,1.858470336,3.859649123,2.162162162,4.96031746,4.97794581
529,1646,97200,91400,91100,97600,97800,99900,107700,114500,-5800,-300,6500,200,2100,7800,6800,-5.967078189,-0.328227571,7.135016465,0.204918033,2.147239264,7.807807808,6.313834726
530,410,131900,128100,123500,125000,126200,129600,130800,141700,-3800,-4600,1500,1200,3400,1200,10900,-2.880970432,-3.590944575,1.214574899,0.96,2.694136292,0.925925926,8.333333333
531,1251,161500,158400,147700,139600,146900,143400,143500,152200,-3100,-10700,-8100,7300,-3500,100,8700,-1.919504644,-6.755050505,-5.48408937,5.229226361,-2.382573179,0.069735007,6.06271777
532,816,152700,150400,151300,154200,151700,155700,159200,163700,-2300,900,2900,-2500,4000,3500,4500,-1.506221349,0.598404255,1.916721745,-1.621271077,2.636783125,2.247912653,2.826633166
533,774,147700,134100,115600,118000,123500,130300,127500,132900,-13600,-18500,2400,5500,6800,-2800,5400,-9.207853758,-13.79567487,2.076124567,4.661016949,5.506072874,-2.148887183,4.235294118
534,296,157100,153500,149800,149700,155000,159100,171000,181300,-3600,-3700,-100,5300,4100,11900,10300,-2.291534055,-2.410423453,-0.066755674,3.540414162,2.64516129,7.479572596,6.023391813
535,1374,91200,87700,81200,80800,76600,78300,74000,74400,-3500,-6500,-400,-4200,1700,-4300,400,-3.837719298,-7.411630559,-0.492610837,-5.198019802,2.219321149,-5.491698595,0.540540541
536,158,305800,297500,292500,313800,344300,375200,412200,438400,-8300,-5000,21300,30500,30900,37000,26200,-2.714192283,-1.680672269,7.282051282,9.719566603,8.974731339,9.861407249,6.356137797
537,1316,108400,96400,79300,87300,98000,114600,125800,134800,-12000,-17100,8000,10700,16600,11200,9000,-11.0701107,-17.73858921,10.08827238,12.25658648,16.93877551,9.773123909,7.154213037
538,1344,181100,179100,173900,169800,171400,173600,174100,181500,-2000,-5200,-4100,1600,2200,500,7400,-1.104362231,-2.903405918,-2.357676826,0.942285041,1.283547258,0.288018433,4.250430787
539,738,157800,152800,151200,148800,176800,166900,180800,182600,-5000,-1600,-2400,28000,-9900,13900,1800,-3.168567807,-1.047120419,-1.587301587,18.8172043,-5.599547511,8.328340324,0.995575221
540,89,130000,126100,123800,128300,130200,133700,141300,148200,-3900,-2300,4500,1900,3500,7600,6900,-3,-1.823949247,3.634894992,1.480904131,2.688172043,5.684367988,4.883227176
541,616,269400,244100,224600,236700,268400,297600,311700,350200,-25300,-19500,12100,31700,29200,14100,38500,-9.391239792,-7.988529291,5.387355298,13.39247993,10.87928465,4.737903226,12.35162015
542,349,143900,137600,128100,124100,136800,141100,154500,161300,-6300,-9500,-4000,12700,4300,13400,6800,-4.378040306,-6.904069767,-3.1225605,10.23368251,3.143274854,9.496810773,4.401294498
543,706,229000,215200,196200,222600,220800,249600,258500,280800,-13800,-19000,26400,-1800,28800,8900,22300,-6.026200873,-8.828996283,13.45565749,-0.808625337,13.04347826,3.565705128,8.626692456
544,647,110900,108100,103900,106100,111800,113300,113600,121500,-2800,-4200,2200,5700,1500,300,7900,-2.524797115,-3.885291397,2.117420597,5.372290292,1.341681574,0.26478376,6.954225352
545,1169,252900,231700,214400,223500,241800,246700,258200,267900,-21200,-17300,9100,18300,4900,11500,9700,-8.382759984,-7.466551575,4.244402985,8.187919463,2.026468156,4.661532225,3.756777692
546,1597,111900,112400,111800,112900,115600,120500,126300,131700,500,-600,1100,2700,4900,5800,5400,0.446827525,-0.533807829,0.983899821,2.3914969,4.238754325,4.813278008,4.275534442
547,393,129500,136600,134400,138800,137800,139600,146000,148400,7100,-2200,4400,-1000,1800,6400,2400,5.482625483,-1.610541728,3.273809524,-0.720461095,1.306240929,4.584527221,1.643835616
548,971,585300,601200,583900,590200,609200,634100,670900,715400,15900,-17300,6300,19000,24900,36800,44500,2.716555613,-2.877578177,1.078951875,3.219247713,4.087327643,5.803501025,6.632881204
549,2182,57385,56293,55315,55241,55484,57559,59066,60875,-1092,-978,-74,243,2075,1507,1809,-1.902936307,-1.737338568,-0.133779264,0.439890661,3.739816884,2.618183082,3.062675651
550,1578,125300,124100,122200,118000,117800,126800,132100,137000,-1200,-1900,-4200,-200,9000,5300,4900,-0.957701516,-1.531023368,-3.436988543,-0.169491525,7.640067912,4.179810726,3.709311128
551,539,77600,74400,72700,74600,71800,69500,70800,76600,-3200,-1700,1900,-2800,-2300,1300,5800,-4.12371134,-2.284946237,2.613480055,-3.753351206,-3.203342618,1.870503597,8.192090395
552,1232,161200,158700,151200,152900,157700,163200,171900,187200,-2500,-7500,1700,4800,5500,8700,15300,-1.550868486,-4.725897921,1.124338624,3.139306736,3.48763475,5.330882353,8.90052356
553,153,263200,250300,230800,221600,230000,230000,235600,240700,-12900,-19500,-9200,8400,0,5600,5100,-4.901215805,-7.790651219,-3.986135182,3.790613718,0,2.434782609,2.164685908
554,1172,127700,112300,99900,96900,112000,119400,129900,146800,-15400,-12400,-3000,15100,7400,10500,16900,-12.05951449,-11.04185218,-3.003003003,15.58307534,6.607142857,8.793969849,13.0100077
555,2861,61800,63100,61500,61700,62700,65600,67100,68100,1300,-1600,200,1000,2900,1500,1000,2.103559871,-2.535657686,0.325203252,1.620745543,4.625199362,2.286585366,1.490312966
556,2173,68500,69700,67400,68400,69300,70200,72400,74100,1200,-2300,1000,900,900,2200,1700,1.751824818,-3.299856528,1.483679525,1.315789474,1.298701299,3.133903134,2.348066298
557,577,562400,501400,462700,456200,510600,539800,606600,640400,-61000,-38700,-6500,54400,29200,66800,33800,-10.84637269,-7.718388512,-1.404797925,11.92459448,5.718762241,12.37495369,5.572040884
558,2585,85300,84000,70200,67400,71100,59600,63400,80100,-1300,-13800,-2800,3700,-11500,3800,16700,-1.524032825,-16.42857143,-3.988603989,5.489614243,-16.17440225,6.375838926,26.34069401
559,1196,149500,146900,139700,140700,138900,141000,145200,148200,-2600,-7200,1000,-1800,2100,4200,3000,-1.739130435,-4.901293397,0.715819613,-1.279317697,1.51187905,2.978723404,2.066115702
560,2697,130500,133400,134600,139400,142000,149200,153400,153600,2900,1200,4800,2600,7200,4200,200,2.222222222,0.899550225,3.566121842,1.865136298,5.070422535,2.815013405,0.130378096
561,1354,115600,110800,105700,110600,115900,121400,124300,133300,-4800,-5100,4900,5300,5500,2900,9000,-4.152249135,-4.602888087,4.635761589,4.7920434,4.745470233,2.388797364,7.240547064
562,379,122200,121600,116700,121400,124800,124900,133400,140500,-600,-4900,4700,3400,100,8500,7100,-0.490998363,-4.029605263,4.027420737,2.800658979,0.080128205,6.805444355,5.322338831
563,1311,104700,106100,107700,118200,128500,139700,133900,144100,1400,1600,10500,10300,11200,-5800,10200,1.337153773,1.50801131,9.749303621,8.714043993,8.715953307,-4.151753758,7.617625093
564,1509,140200,126800,111000,113600,120300,125700,134900,144700,-13400,-15800,2600,6700,5400,9200,9800,-9.557774608,-12.46056782,2.342342342,5.897887324,4.488778055,7.319013524,7.264640474
565,547,56300,52900,52000,52200,52200,51400,50600,47800,-3400,-900,200,0,-800,-800,-2800,-6.039076377,-1.701323251,0.384615385,0,-1.53256705,-1.556420233,-5.533596838
566,824,101900,101000,102600,99000,101600,108700,115300,122200,-900,1600,-3600,2600,7100,6600,6900,-0.883218842,1.584158416,-3.50877193,2.626262626,6.988188976,6.07175713,5.984388552
567,2118,85200,79500,77900,81200,83700,86800,97400,110200,-5700,-1600,3300,2500,3100,10600,12800,-6.690140845,-2.012578616,4.236200257,3.078817734,3.703703704,12.21198157,13.14168378
568,1521,154300,145100,133800,134800,141800,148100,154800,162900,-9200,-11300,1000,7000,6300,6700,8100,-5.962410888,-7.787732598,0.747384155,5.192878338,4.442877292,4.52397029,5.23255814
569,1680,115800,106200,105200,116100,115100,114500,116700,117200,-9600,-1000,10900,-1000,-600,2200,500,-8.29015544,-0.941619586,10.36121673,-0.861326443,-0.521285838,1.92139738,0.428449015
570,229,310100,293800,276500,288400,345900,370400,388200,420100,-16300,-17300,11900,57500,24500,17800,31900,-5.256368913,-5.888359428,4.303797468,19.93758669,7.082971957,4.805615551,8.217413704
571,72,194000,188600,186000,189800,199100,207900,222700,242900,-5400,-2600,3800,9300,8800,14800,20200,-2.783505155,-1.378579003,2.043010753,4.899894626,4.419889503,7.118807119,9.070498428
572,1175,115100,114300,111300,111500,109800,111300,112500,114700,-800,-3000,200,-1700,1500,1200,2200,-0.695047785,-2.624671916,0.179694519,-1.524663677,1.366120219,1.078167116,1.955555556
573,875,299100,289900,290200,299600,335300,347000,393900,429300,-9200,300,9400,35700,11700,46900,35400,-3.07589435,0.10348396,3.239145417,11.91588785,3.489412466,13.51585014,8.987052551
574,1863,82700,80700,71900,69800,68900,73300,73200,73700,-2000,-8800,-2100,-900,4400,-100,500,-2.418379686,-10.90458488,-2.920723227,-1.289398281,6.386066763,-0.136425648,0.683060109
575,781,66118,65972,70763,68094,69552,74083,73378,72048,-146,4791,-2669,1458,4531,-705,-1330,-0.220817327,7.26217183,-3.771745121,2.141157811,6.514550265,-0.951635328,-1.812532367
576,1256,115200,117500,114800,121200,114800,117600,117700,133800,2300,-2700,6400,-6400,2800,100,16100,1.996527778,-2.29787234,5.574912892,-5.280528053,2.43902439,0.085034014,13.67884452
577,606,206900,195900,208000,213700,224900,217300,225500,225900,-11000,12100,5700,11200,-7600,8200,400,-5.316578057,6.176620725,2.740384615,5.240992045,-3.37927968,3.773584906,0.177383592
578,280,131000,137900,137200,130700,138000,142700,155100,177600,6900,-700,-6500,7300,4700,12400,22500,5.267175573,-0.507614213,-4.737609329,5.58530987,3.405797101,8.689558514,14.50676983
579,436,171600,175700,164100,160200,162200,152400,150500,150300,4100,-11600,-3900,2000,-9800,-1900,-200,2.389277389,-6.602162777,-2.376599634,1.248439451,-6.041923551,-1.24671916,-0.132890365
580,1767,141200,129600,125900,128400,135600,141300,150500,156400,-11600,-3700,2500,7200,5700,9200,5900,-8.21529745,-2.854938272,1.985702939,5.607476636,4.203539823,6.510969568,3.920265781
581,2222,66513,65115,62151,61736,59307,60366,61207,62235,-1398,-2964,-415,-2429,1059,841,1028,-2.101844752,-4.551946556,-0.667728596,-3.93449527,1.785623957,1.39316834,1.679546457
582,1705,120800,114400,111300,111300,117700,124500,131600,140400,-6400,-3100,0,6400,6800,7100,8800,-5.298013245,-2.70979021,0,5.750224618,5.77740017,5.702811245,6.686930091
583,2714,133500,133500,45200,47100,51200,54700,60800,64600,0,-88300,1900,4100,3500,6100,3800,0,-66.1423221,4.203539823,8.704883227,6.8359375,11.15173675,6.25
584,1634,104500,103200,102000,105000,111300,119600,127500,121800,-1300,-1200,3000,6300,8300,7900,-5700,-1.244019139,-1.162790698,2.941176471,6,7.457322552,6.605351171,-4.470588235
585,37,121500,123300,121300,123000,128500,130200,137200,144600,1800,-2000,1700,5500,1700,7000,7400,1.481481481,-1.622060016,1.401483924,4.471544715,1.322957198,5.376344086,5.393586006
586,447,109700,110100,107200,109200,111500,116200,110600,116300,400,-2900,2000,2300,4700,-5600,5700,0.364630811,-2.633969119,1.865671642,2.106227106,4.215246637,-4.819277108,5.153707052
587,162,104300,104300,105200,108600,108600,111700,111500,114600,0,900,3400,0,3100,-200,3100,0,0.862895494,3.231939163,0,2.854511971,-0.17905103,2.780269058
588,709,77356,76000,74600,88900,85300,75300,74600,73400,-1356,-1400,14300,-3600,-10000,-700,-1200,-1.752934485,-1.842105263,19.1689008,-4.049493813,-11.72332943,-0.929614874,-1.608579088
589,1217,112900,103900,93300,89200,93600,95500,104000,118600,-9000,-10600,-4100,4400,1900,8500,14600,-7.971656333,-10.20211742,-4.394426581,4.932735426,2.02991453,8.90052356,14.03846154
590,56,304800,301400,291600,297200,325800,342900,361200,387000,-3400,-9800,5600,28600,17100,18300,25800,-1.115485564,-3.251493033,1.920438957,9.623149394,5.248618785,5.336832896,7.142857143
591,53,327900,306700,290200,285100,294500,305800,320900,333300,-21200,-16500,-5100,9400,11300,15100,12400,-6.465385788,-5.379850016,-1.757408684,3.297088741,3.837011885,4.937867888,3.864132128
592,698,140100,131800,125900,124000,140200,136800,139700,143100,-8300,-5900,-1900,16200,-3400,2900,3400,-5.924339757,-4.476479514,-1.509134234,13.06451613,-2.42510699,2.119883041,2.433786686
593,1055,175200,159200,155000,150000,155900,166000,164300,166600,-16000,-4200,-5000,5900,10100,-1700,2300,-9.132420091,-2.638190955,-3.225806452,3.933333333,6.478511867,-1.024096386,1.399878271
594,358,93700,87900,85700,84100,83900,84600,83200,89700,-5800,-2200,-1600,-200,700,-1400,6500,-6.189967983,-2.502844141,-1.86697783,-0.237812128,0.834326579,-1.654846336,7.8125
595,1367,241300,243800,246400,245700,239800,237700,236100,243900,2500,2600,-700,-5900,-2100,-1600,7800,1.036054704,1.066447908,-0.284090909,-2.401302401,-0.875729775,-0.673117375,3.303684879
596,884,408500,399200,411100,424500,460000,456400,467600,480900,-9300,11900,13400,35500,-3600,11200,13300,-2.276621787,2.980961924,3.259547555,8.362779741,-0.782608696,2.45398773,2.844311377
597,26,421000,426100,428500,448900,482100,490700,490600,508300,5100,2400,20400,33200,8600,-100,17700,1.211401425,0.563248064,4.760793466,7.395856538,1.783862269,-0.02037905,3.60782715
598,38,327800,320300,309500,299400,308700,313000,318100,319500,-7500,-10800,-10100,9300,4300,5100,1400,-2.287980476,-3.371838901,-3.263327948,3.106212425,1.392938128,1.629392971,0.440113172
599,286,134800,134400,132600,133400,138100,141900,148800,158000,-400,-1800,800,4700,3800,6900,9200,-0.296735905,-1.339285714,0.60331825,3.523238381,2.751629254,4.862579281,6.182795699
600,862,56300,51300,52900,47500,44800,45500,45100,47200,-5000,1600,-5400,-2700,700,-400,2100,-8.880994671,3.118908382,-10.20793951,-5.684210526,1.5625,-0.879120879,4.65631929
601,1040,560800,576400,566600,586700,660200,639100,680200,705100,15600,-9800,20100,73500,-21100,41100,24900,2.781740371,-1.700208189,3.547476174,12.52769729,-3.196001212,6.430918479,3.660688033
602,2262,70000,70000,69900,69900,69900,69800,69200,75700,0,-100,0,0,-100,-600,6500,0,-0.142857143,0,0,-0.143061516,-0.859598854,9.393063584
603,1816,155300,145900,135300,135600,143600,151400,156100,162400,-9400,-10600,300,8000,7800,4700,6300,-6.05280103,-7.265250171,0.22172949,5.899705015,5.431754875,3.104359313,4.035874439
604,1683,74500,72600,72000,73000,76900,81600,84200,85400,-1900,-600,1000,3900,4700,2600,1200,-2.55033557,-0.826446281,1.388888889,5.342465753,6.11183355,3.18627451,1.425178147
605,1004,75800,74400,72600,83000,81600,82700,76800,80200,-1400,-1800,10400,-1400,1100,-5900,3400,-1.846965699,-2.419354839,14.32506887,-1.686746988,1.348039216,-7.134220073,4.427083333
606,343,124600,122500,122500,119200,128000,129800,132400,141200,-2100,0,-3300,8800,1800,2600,8800,-1.685393258,0,-2.693877551,7.382550336,1.40625,2.003081664,6.64652568
607,497,273700,278700,275900,286900,314400,322400,333700,344700,5000,-2800,11000,27500,8000,11300,11000,1.826817684,-1.004664514,3.986951794,9.585221331,2.544529262,3.504962779,3.296373989
608,2568,71865,68588,67114,61342,59592,58779,61391,63309,-3277,-1474,-5772,-1750,-813,2612,1918,-4.559938774,-2.149063976,-8.60029204,-2.852857748,-1.364277084,4.443763929,3.124236452
609,1356,215700,197800,176400,179800,196800,217800,231600,245000,-17900,-21400,3400,17000,21000,13800,13400,-8.298562819,-10.8190091,1.927437642,9.454949944,10.67073171,6.336088154,5.785837651
610,2205,59700,57600,55100,54600,53500,53400,54600,56800,-2100,-2500,-500,-1100,-100,1200,2200,-3.51758794,-4.340277778,-0.907441016,-2.014652015,-0.186915888,2.247191011,4.029304029
611,154,142500,140100,138700,138100,139700,142300,150800,160400,-2400,-1400,-600,1600,2600,8500,9600,-1.684210526,-0.999286224,-0.43258832,1.158580739,1.861130995,5.973295854,6.366047745
612,798,94200,87400,81700,80000,83600,87600,90400,95000,-6800,-5700,-1700,3600,4000,2800,4600,-7.218683652,-6.52173913,-2.080783354,4.5,4.784688995,3.196347032,5.088495575
613,295,72500,72400,71200,74100,74700,81800,80500,84100,-100,-1200,2900,600,7100,-1300,3600,-0.137931034,-1.657458564,4.073033708,0.809716599,9.504685408,-1.589242054,4.472049689
614,707,160400,150500,150900,153500,157800,163900,168300,183500,-9900,400,2600,4300,6100,4400,15200,-6.172069825,0.265780731,1.722995361,2.801302932,3.865652725,2.684563758,9.031491384
615,2204,167100,166000,165500,164600,164900,164800,143800,170800,-1100,-500,-900,300,-100,-21000,27000,-0.65828845,-0.301204819,-0.543806647,0.182260024,-0.060642814,-12.74271845,18.77607789
616,1890,74300,70900,64700,64000,63800,66300,69700,74500,-3400,-6200,-700,-200,2500,3400,4800,-4.576043069,-8.74471086,-1.081916538,-0.3125,3.918495298,5.128205128,6.886657102
617,1854,100000,98700,95000,97600,103900,108700,115500,124300,-1300,-3700,2600,6300,4800,6800,8800,-1.3,-3.748733536,2.736842105,6.454918033,4.619826756,6.25574977,7.619047619
618,2019,102600,104500,105400,107100,112400,118200,124400,134400,1900,900,1700,5300,5800,6200,10000,1.851851852,0.861244019,1.612903226,4.948646125,5.160142349,5.24534687,8.038585209
619,1372,138800,133100,118300,127200,143300,154900,170300,187000,-5700,-14800,8900,16100,11600,15400,16700,-4.106628242,-11.11945905,7.523245985,12.6572327,8.094905792,9.941897999,9.80622431
620,1380,211300,200300,198300,201100,204900,211600,231800,246300,-11000,-2000,2800,3800,6700,20200,14500,-5.205868434,-0.998502247,1.412002017,1.889607161,3.26988775,9.5463138,6.25539258
621,294,103800,103500,101800,104300,104000,105400,104500,114300,-300,-1700,2500,-300,1400,-900,9800,-0.289017341,-1.642512077,2.455795678,-0.287631831,1.346153846,-0.853889943,9.377990431
622,1371,111800,95900,85300,92400,97600,90400,99100,106200,-15900,-10600,7100,5200,-7200,8700,7100,-14.22182469,-11.0531804,8.323563892,5.627705628,-7.37704918,9.623893805,7.164480323
623,1425,130500,129700,128300,128500,128500,129400,126400,138300,-800,-1400,200,0,900,-3000,11900,-0.61302682,-1.079414032,0.155884645,0,0.700389105,-2.318392581,9.414556962
624,994,134600,115000,105400,100100,105300,103300,110800,115700,-19600,-9600,-5300,5200,-2000,7500,4900,-14.56166419,-8.347826087,-5.028462998,5.194805195,-1.899335233,7.260406583,4.422382671
625,838,196500,188600,183800,182600,182400,187900,186600,194800,-7900,-4800,-1200,-200,5500,-1300,8200,-4.020356234,-2.545068929,-0.652883569,-0.109529025,3.015350877,-0.691857371,4.394426581
626,365,126800,121600,120000,119400,122500,123900,123900,128100,-5200,-1600,-600,3100,1400,0,4200,-4.100946372,-1.315789474,-0.5,2.596314908,1.142857143,0,3.389830508
627,1939,75300,77200,74700,72100,72100,73800,76000,76000,1900,-2500,-2600,0,1700,2200,0,2.523240372,-3.238341969,-3.480589023,0,2.357836338,2.98102981,0
628,2025,88862,87400,86500,86700,85100,87700,99100,99800,-1462,-900,200,-1600,2600,11400,700,-1.645247687,-1.029748284,0.231213873,-1.84544406,3.055229142,12.99885975,0.706357215
629,1424,101500,106200,98800,100500,110000,105200,109400,120400,4700,-7400,1700,9500,-4800,4200,11000,4.630541872,-6.967984934,1.720647773,9.452736318,-4.363636364,3.992395437,10.05484461
630,1272,240100,227200,211100,218200,250200,265000,280000,302400,-12900,-16100,7100,32000,14800,15000,22400,-5.372761349,-7.086267606,3.363334912,14.66544455,5.915267786,5.660377358,8
631,134,126500,125000,120900,116500,116300,119600,123800,129700,-1500,-4100,-4400,-200,3300,4200,5900,-1.185770751,-3.28,-3.639371381,-0.17167382,2.837489252,3.511705686,4.765751212
632,1186,179800,180500,175600,178500,185000,200200,227100,243700,700,-4900,2900,6500,15200,26900,16600,0.389321468,-2.71468144,1.651480638,3.641456583,8.216216216,13.43656344,7.309555262
633,2265,64400,65300,49800,50200,51600,53800,58400,64700,900,-15500,400,1400,2200,4600,6300,1.397515528,-23.73660031,0.803212851,2.788844622,4.263565891,8.550185874,10.78767123
634,2259,77319,72475,76063,75237,71484,76753,76304,80513,-4844,3588,-826,-3753,5269,-449,4209,-6.26495428,4.950672646,-1.085941917,-4.988237171,7.370880197,-0.58499342,5.516093521
635,1957,206300,197900,190200,199800,206700,203300,214500,229300,-8400,-7700,9600,6900,-3400,11200,14800,-4.071740184,-3.890853967,5.047318612,3.453453453,-1.644895985,5.509099852,6.8997669
636,1834,111500,100100,88500,90800,97700,102200,109500,113700,-11400,-11600,2300,6900,4500,7300,4200,-10.22421525,-11.58841159,2.598870056,7.599118943,4.60593654,7.142857143,3.835616438
637,2320,159100,146600,146000,153600,162100,169800,179400,193100,-12500,-600,7600,8500,7700,9600,13700,-7.856693903,-0.409276944,5.205479452,5.533854167,4.750154226,5.653710247,7.636566332
638,874,124500,112700,117300,116400,118500,133000,135600,141100,-11800,4600,-900,2100,14500,2600,5500,-9.477911647,4.081632653,-0.767263427,1.804123711,12.23628692,1.954887218,4.056047198
639,1782,93200,90700,86900,83600,79600,82100,86500,92600,-2500,-3800,-3300,-4000,2500,4400,6100,-2.682403433,-4.189636163,-3.797468354,-4.784688995,3.140703518,5.359317905,7.052023121
640,1535,119300,119000,114700,113700,112400,113800,112600,121900,-300,-4300,-1000,-1300,1400,-1200,9300,-0.25146689,-3.613445378,-0.871839582,-1.143359719,1.245551601,-1.054481547,8.259325044
641,2696,52200,52300,52000,54200,54900,53600,55400,57500,100,-300,2200,700,-1300,1800,2100,0.191570881,-0.573613767,4.230769231,1.291512915,-2.367941712,3.358208955,3.790613718
642,469,187600,185000,175400,173300,183600,191000,188900,188500,-2600,-9600,-2100,10300,7400,-2100,-400,-1.385927505,-5.189189189,-1.197263398,5.943450664,4.030501089,-1.09947644,-0.21175225
643,369,134800,132800,131300,130900,131900,136900,141400,142700,-2000,-1500,-400,1000,5000,4500,1300,-1.483679525,-1.129518072,-0.304645849,0.76394194,3.790750569,3.287070855,0.919377652
644,524,131000,126000,122800,124600,124600,130300,138300,145700,-5000,-3200,1800,0,5700,8000,7400,-3.816793893,-2.53968254,1.465798046,0,4.574638844,6.139677667,5.350686913
645,579,78100,78600,82700,76700,77900,77400,84300,87200,500,4100,-6000,1200,-500,6900,2900,0.640204866,5.216284987,-7.255139057,1.564537158,-0.641848524,8.914728682,3.440094899
646,24,128800,125000,117200,116000,123100,129200,139200,150700,-3800,-7800,-1200,7100,6100,10000,11500,-2.950310559,-6.24,-1.023890785,6.120689655,4.955320877,7.73993808,8.261494253
647,279,161600,154100,155900,143900,149000,147300,146300,158300,-7500,1800,-12000,5100,-1700,-1000,12000,-4.641089109,1.16807268,-7.697241822,3.544127867,-1.140939597,-0.678886626,8.202323992
648,1604,97800,98300,94600,94600,99200,103600,108400,114500,500,-3700,0,4600,4400,4800,6100,0.511247444,-3.763987792,0,4.862579281,4.435483871,4.633204633,5.627306273
649,1962,107800,106300,107700,110800,120500,124600,135500,140500,-1500,1400,3100,9700,4100,10900,5000,-1.391465677,1.317027281,2.878365831,8.754512635,3.402489627,8.747993579,3.6900369
650,549,165000,158000,151100,151000,154300,157700,161000,171300,-7000,-6900,-100,3300,3400,3300,10300,-4.242424242,-4.367088608,-0.066181337,2.185430464,2.203499676,2.09258085,6.397515528
651,611,180000,179200,182100,183000,185900,189500,192700,197800,-800,2900,900,2900,3600,3200,5100,-0.444444444,1.618303571,0.494233937,1.584699454,1.936525013,1.688654354,2.646600934
652,441,136400,158800,157200,159600,163100,164800,173800,191500,22400,-1600,2400,3500,1700,9000,17700,16.42228739,-1.007556675,1.526717557,2.192982456,1.042305334,5.461165049,10.18411968
653,186,263700,252300,239400,244400,262100,272400,274400,288100,-11400,-12900,5000,17700,10300,2000,13700,-4.323094425,-5.112960761,2.08855472,7.242225859,3.929797787,0.734214391,4.99271137
654,439,192400,191900,188200,200300,196500,225900,217500,223400,-500,-3700,12100,-3800,29400,-8400,5900,-0.25987526,-1.928087546,6.429330499,-1.897154269,14.96183206,-3.718459495,2.712643678
655,860,275200,285500,283900,303300,302900,296900,313400,305000,10300,-1600,19400,-400,-6000,16500,-8400,3.742732558,-0.560420315,6.833392039,-0.131882624,-1.980851766,5.557426743,-2.680280791
656,1867,85600,86900,84900,85600,89500,95900,99000,104700,1300,-2000,700,3900,6400,3100,5700,1.518691589,-2.301495972,0.824499411,4.556074766,7.150837989,3.232533889,5.757575758
657,1947,140100,137100,133200,138200,146400,154300,166400,178600,-3000,-3900,5000,8200,7900,12100,12200,-2.141327623,-2.84463895,3.753753754,5.933429812,5.396174863,7.841866494,7.331730769
658,1612,170200,167800,171800,178900,185200,192600,201100,206500,-2400,4000,7100,6300,7400,8500,5400,-1.410105758,2.383790226,4.132712456,3.521520402,3.995680346,4.413291796,2.685231228
659,34,166300,156900,140100,150100,170900,186400,199100,217400,-9400,-16800,10000,20800,15500,12700,18300,-5.652435358,-10.70745698,7.137758744,13.85742838,9.069631363,6.813304721,9.191361125
660,2667,61000,60400,63100,65900,69100,66800,73900,81200,-600,2700,2800,3200,-2300,7100,7300,-0.983606557,4.470198675,4.437400951,4.855842185,-3.328509407,10.62874251,9.878213802
661,1168,178000,163200,146500,152400,177800,191600,191500,236100,-14800,-16700,5900,25400,13800,-100,44600,-8.314606742,-10.23284314,4.027303754,16.66666667,7.761529809,-0.052192067,23.28981723
662,1643,64889,62228,63793,62232,55211,58132,58099,60788,-2661,1565,-1561,-7021,2921,-33,2689,-4.100849142,2.514945041,-2.446976941,-11.28197712,5.290612378,-0.056767357,4.628306856
663,1993,86500,83300,80500,81100,81000,83100,82200,85100,-3200,-2800,600,-100,2100,-900,2900,-3.699421965,-3.361344538,0.745341615,-0.123304562,2.592592593,-1.083032491,3.527980535
664,552,101400,97200,99500,98100,97100,96900,102500,106200,-4200,2300,-1400,-1000,-200,5600,3700,-4.142011834,2.366255144,-1.407035176,-1.019367992,-0.205973223,5.779153767,3.609756098
665,663,109000,106600,103900,104900,109500,113100,116400,123000,-2400,-2700,1000,4600,3600,3300,6600,-2.201834862,-2.532833021,0.962463908,4.385128694,3.287671233,2.917771883,5.670103093
666,1554,82900,78000,70500,63200,67600,73200,77500,81500,-4900,-7500,-7300,4400,5600,4300,4000,-5.910735826,-9.615384615,-10.35460993,6.962025316,8.284023669,5.87431694,5.161290323
667,888,83700,81500,80100,80700,83500,87600,89400,94200,-2200,-1400,600,2800,4100,1800,4800,-2.628434886,-1.717791411,0.74906367,3.469640644,4.910179641,2.054794521,5.369127517
668,2082,84300,84700,84800,87700,95700,105500,118900,133100,400,100,2900,8000,9800,13400,14200,0.474495848,0.118063754,3.419811321,9.122006842,10.24033438,12.7014218,11.94280908
669,1382,250800,239200,235700,239800,242900,258200,290100,319000,-11600,-3500,4100,3100,15300,31900,28900,-4.625199362,-1.463210702,1.739499364,1.292743953,6.298888431,12.35476375,9.962082041
670,788,82800,81500,84000,86100,83100,84700,87000,87500,-1300,2500,2100,-3000,1600,2300,500,-1.570048309,3.067484663,2.5,-3.484320557,1.925391095,2.715466352,0.574712644
671,1222,146500,143200,137000,140400,146600,152100,171800,184800,-3300,-6200,3400,6200,5500,19700,13000,-2.252559727,-4.329608939,2.481751825,4.415954416,3.751705321,12.95200526,7.5669383
672,548,329800,279800,230300,248700,269800,302400,323700,347400,-50000,-49500,18400,21100,32600,21300,23700,-15.16070346,-17.69120801,7.98957881,8.484117411,12.08302446,7.043650794,7.321594069
673,526,81100,81500,81500,81800,86100,91700,92600,95200,400,0,300,4300,5600,900,2600,0.493218249,0,0.36809816,5.256723716,6.504065041,0.981461287,2.807775378
674,387,131200,126400,124200,123900,126000,121800,127200,130200,-4800,-2200,-300,2100,-4200,5400,3000,-3.658536585,-1.740506329,-0.241545894,1.694915254,-3.333333333,4.433497537,2.358490566
675,1904,102300,97600,95200,98900,97200,97800,99100,106800,-4700,-2400,3700,-1700,600,1300,7700,-4.594330401,-2.459016393,3.886554622,-1.718907988,0.617283951,1.329243354,7.769929364
676,791,168200,159800,148700,147900,149800,152900,151900,155100,-8400,-11100,-800,1900,3100,-1000,3200,-4.994054697,-6.946182728,-0.537995965,1.284651792,2.069425901,-0.654022237,2.106649111
677,818,49000,49000,48600,48100,49000,48700,51800,58000,0,-400,-500,900,-300,3100,6200,0,-0.816326531,-1.028806584,1.871101871,-0.612244898,6.36550308,11.96911197
678,203,106600,101100,93100,96700,102800,104800,112000,122500,-5500,-8000,3600,6100,2000,7200,10500,-5.159474672,-7.912957468,3.866809882,6.308169597,1.945525292,6.870229008,9.375
679,1679,130800,125000,117100,114100,123000,127200,123800,127700,-5800,-7900,-3000,8900,4200,-3400,3900,-4.434250765,-6.32,-2.561912895,7.800175285,3.414634146,-2.672955975,3.150242326
680,394,189600,194200,180700,184000,189200,191200,196500,204900,4600,-13500,3300,5200,2000,5300,8400,2.426160338,-6.951596292,1.826231323,2.826086957,1.057082452,2.771966527,4.27480916
681,1908,163300,146700,140200,144200,153500,162000,175000,187900,-16600,-6500,4000,9300,8500,13000,12900,-10.16533987,-4.430811179,2.853067047,6.449375867,5.537459283,8.024691358,7.371428571
682,1198,65200,60400,55100,58500,64600,69600,78100,83400,-4800,-5300,3400,6100,5000,8500,5300,-7.36196319,-8.774834437,6.170598911,10.42735043,7.73993808,12.21264368,6.786171575
683,529,95700,96200,97000,97300,101200,98800,103500,106400,500,800,300,3900,-2400,4700,2900,0.52246604,0.831600832,0.309278351,4.008221994,-2.371541502,4.75708502,2.801932367
684,826,74669,74474,66125,63635,67292,70099,74775,76146,-195,-8349,-2490,3657,2807,4676,1371,-0.261152553,-11.21062384,-3.765595463,5.746837432,4.171372526,6.670565914,1.833500502
685,2061,129600,129600,129600,122300,126500,127800,128200,128300,0,0,-7300,4200,1300,400,100,0,0,-5.632716049,3.43417825,1.027667984,0.312989045,0.07800312
686,528,189900,176300,167900,167400,169200,174100,183000,186300,-13600,-8400,-500,1800,4900,8900,3300,-7.161664034,-4.764605786,-0.297796307,1.075268817,2.895981087,5.112004595,1.803278689
687,1687,66300,65700,76200,79600,81800,84900,87900,91800,-600,10500,3400,2200,3100,3000,3900,-0.904977376,15.98173516,4.461942257,2.763819095,3.789731051,3.533568905,4.436860068
688,1531,69400,68400,65700,64800,66900,67200,69100,67600,-1000,-2700,-900,2100,300,1900,-1500,-1.44092219,-3.947368421,-1.369863014,3.240740741,0.448430493,2.827380952,-2.170767004
689,565,161400,139500,124200,134400,136200,145100,170000,175000,-21900,-15300,10200,1800,8900,24900,5000,-13.56877323,-10.96774194,8.212560386,1.339285714,6.534508076,17.16057891,2.941176471
690,2087,98800,84800,82300,80900,85000,89400,98000,105400,-14000,-2500,-1400,4100,4400,8600,7400,-14.17004049,-2.948113208,-1.70109356,5.067985167,5.176470588,9.619686801,7.551020408
691,1734,80900,79200,78000,80700,83000,84900,85300,89900,-1700,-1200,2700,2300,1900,400,4600,-2.101359703,-1.515151515,3.461538462,2.850061958,2.289156627,0.471142521,5.392731536
692,1899,94324,92198,87578,88308,90467,89242,94343,95070,-2126,-4620,730,2159,-1225,5101,727,-2.253933251,-5.010954684,0.833542671,2.444852109,-1.354084915,5.715918514,0.770592413
693,1803,201800,195400,194300,197100,207900,224200,238800,254100,-6400,-1100,2800,10800,16300,14600,15300,-3.171456888,-0.562947799,1.44107051,5.479452055,7.84030784,6.512042819,6.407035176
694,1751,157700,146100,132400,135000,146000,151400,160800,171100,-11600,-13700,2600,11000,5400,9400,10300,-7.355738744,-9.377138946,1.963746224,8.148148148,3.698630137,6.208718626,6.405472637
695,1133,226700,209900,206100,219400,230900,239500,264400,295200,-16800,-3800,13300,11500,8600,24900,30800,-7.410674901,-1.810385898,6.453178069,5.241567912,3.724556085,10.39665971,11.64901664
696,2318,81900,72100,66300,66600,69400,70100,75100,80000,-9800,-5800,300,2800,700,5000,4900,-11.96581197,-8.044382802,0.452488688,4.204204204,1.008645533,7.132667618,6.524633822
697,1790,67900,64500,67300,71200,67000,69400,76100,80600,-3400,2800,3900,-4200,2400,6700,4500,-5.00736377,4.341085271,5.794947994,-5.898876404,3.582089552,9.654178674,5.913272011
698,814,143600,128300,124100,126500,143400,156100,171500,180400,-15300,-4200,2400,16900,12700,15400,8900,-10.6545961,-3.273577553,1.933924255,13.35968379,8.856345886,9.865470852,5.189504373
699,156,202500,193700,178200,176500,173500,181800,181600,184800,-8800,-15500,-1700,-3000,8300,-200,3200,-4.345679012,-8.002065049,-0.953984287,-1.699716714,4.783861671,-0.110011001,1.762114537
700,728,215200,204200,196200,199000,200500,208000,211500,212200,-11000,-8000,2800,1500,7500,3500,700,-5.111524164,-3.917727718,1.427115189,0.753768844,3.740648379,1.682692308,0.330969267
701,1407,178700,154500,145900,140700,140900,151700,155000,169900,-24200,-8600,-5200,200,10800,3300,14900,-13.54224958,-5.566343042,-3.56408499,0.142146411,7.665010646,2.175346078,9.612903226
702,2687,117000,114800,114500,116700,125900,134000,143300,152600,-2200,-300,2200,9200,8100,9300,9300,-1.88034188,-0.261324042,1.92139738,7.883461868,6.433677522,6.940298507,6.489881368
703,2841,79200,79000,80100,81200,85600,89700,96500,101200,-200,1100,1100,4400,4100,6800,4700,-0.252525253,1.392405063,1.373283396,5.418719212,4.789719626,7.580824972,4.870466321
704,896,254900,255000,245400,249400,254800,258600,265700,274500,100,-9600,4000,5400,3800,7100,8800,0.039231071,-3.764705882,1.62999185,2.165196472,1.491365777,2.745552978,3.312006022
705,626,157300,151600,145300,144900,149900,153900,164800,173000,-5700,-6300,-400,5000,4000,10900,8200,-3.623649078,-4.155672823,-0.275292498,3.450655625,2.66844563,7.082521118,4.975728155
706,1925,115300,110100,104600,110200,118400,124600,130700,142700,-5200,-5500,5600,8200,6200,6100,12000,-4.509973981,-4.995458674,5.353728489,7.441016334,5.236486486,4.895666132,9.181331293
707,1502,107100,98700,87200,94400,98600,106400,102600,116000,-8400,-11500,7200,4200,7800,-3800,13400,-7.843137255,-11.6514691,8.256880734,4.449152542,7.910750507,-3.571428571,13.06042885
708,2049,108099,95422,89206,87802,90962,94571,98560,102174,-12677,-6216,-1404,3160,3609,3989,3614,-11.72721302,-6.514221039,-1.573885165,3.599006856,3.967590862,4.217994946,3.666801948
709,572,88600,87600,85200,85200,85400,86300,88800,96800,-1000,-2400,0,200,900,2500,8000,-1.128668172,-2.739726027,0,0.234741784,1.053864169,2.896871379,9.009009009
710,1385,185900,175400,171000,165200,170500,171400,176700,182000,-10500,-4400,-5800,5300,900,5300,5300,-5.648197956,-2.508551881,-3.391812865,3.208232446,0.527859238,3.09218203,2.999434069
711,720,116000,97500,100800,109200,119300,124200,135700,140200,-18500,3300,8400,10100,4900,11500,4500,-15.94827586,3.384615385,8.333333333,9.249084249,4.10729254,9.259259259,3.316138541
712,880,88000,83800,82600,86800,88600,92400,96200,101700,-4200,-1200,4200,1800,3800,3800,5500,-4.772727273,-1.431980907,5.084745763,2.073732719,4.288939052,4.112554113,5.717255717
713,1455,130800,137900,134500,142500,150000,164300,173600,177700,7100,-3400,8000,7500,14300,9300,4100,5.428134557,-2.46555475,5.94795539,5.263157895,9.533333333,5.660377358,2.361751152
714,1388,136800,132500,130000,142500,161700,164000,172000,193500,-4300,-2500,12500,19200,2300,8000,21500,-3.143274854,-1.886792453,9.615384615,13.47368421,1.422387137,4.87804878,12.5
715,1002,247600,231200,237200,214700,233500,216600,257000,286100,-16400,6000,-22500,18800,-16900,40400,29100,-6.62358643,2.595155709,-9.485666105,8.756404285,-7.237687366,18.65189289,11.3229572
716,1440,75700,75000,73100,74100,74700,74400,72100,71000,-700,-1900,1000,600,-300,-2300,-1100,-0.924702774,-2.533333333,1.367989056,0.809716599,-0.401606426,-3.091397849,-1.525658807
717,1808,117800,115600,117200,116300,116000,119700,122100,129500,-2200,1600,-900,-300,3700,2400,7400,-1.867572156,1.384083045,-0.767918089,-0.257953568,3.189655172,2.005012531,6.060606061
718,2490,83300,78800,77400,77100,77900,80200,84300,89200,-4500,-1400,-300,800,2300,4100,4900,-5.402160864,-1.776649746,-0.387596899,1.037613489,2.952503209,5.112219451,5.81257414
719,2551,89700,82700,84700,95800,91200,85600,90600,107500,-7000,2000,11100,-4600,-5600,5000,16900,-7.803790412,2.418379686,13.10507674,-4.801670146,-6.140350877,5.841121495,18.65342163
720,1733,152100,134100,133300,123400,139900,123100,112000,118400,-18000,-800,-9900,16500,-16800,-11100,6400,-11.83431953,-0.596569724,-7.426856714,13.37115073,-12.00857756,-9.017059301,5.714285714
721,1137,53500,52100,56500,60900,78200,83600,71200,80300,-1400,4400,4400,17300,5400,-12400,9100,-2.61682243,8.445297505,7.787610619,28.40722496,6.905370844,-14.83253589,12.78089888
722,406,132600,127200,121800,130000,132100,136500,138300,151300,-5400,-5400,8200,2100,4400,1800,13000,-4.07239819,-4.245283019,6.732348112,1.615384615,3.330809992,1.318681319,9.399855387
723,584,104500,103900,103900,104100,106100,106300,107500,112200,-600,0,200,2000,200,1200,4700,-0.574162679,0,0.192492782,1.921229587,0.188501414,1.128880527,4.372093023
724,530,138400,132600,123500,127000,126800,127200,134500,137400,-5800,-9100,3500,-200,400,7300,2900,-4.190751445,-6.862745098,2.834008097,-0.157480315,0.315457413,5.738993711,2.156133829
725,1589,51200,67400,62800,58600,58400,65700,72500,77200,16200,-4600,-4200,-200,7300,6800,4700,31.640625,-6.824925816,-6.687898089,-0.341296928,12.5,10.3500761,6.482758621
726,2921,92300,92300,88000,95100,94400,97500,104800,111300,0,-4300,7100,-700,3100,7300,6500,0,-4.65872156,8.068181818,-0.736067298,3.283898305,7.487179487,6.202290076
727,2062,61700,60400,59700,61000,65000,68500,72800,74600,-1300,-700,1300,4000,3500,4300,1800,-2.106969206,-1.158940397,2.177554439,6.557377049,5.384615385,6.277372263,2.472527473
728,465,133500,125500,122200,119600,115100,120600,131700,139000,-8000,-3300,-2600,-4500,5500,11100,7300,-5.992509363,-2.629482072,-2.127659574,-3.762541806,4.778453519,9.2039801,5.542900532
729,988,102100,109700,105100,90300,88300,86700,97300,97100,7600,-4600,-14800,-2000,-1600,10600,-200,7.443682664,-4.19325433,-14.08182683,-2.214839424,-1.81200453,12.2260669,-0.205549846
730,933,116100,116600,119600,109500,107100,107900,115700,118300,500,3000,-10100,-2400,800,7800,2600,0.430663221,2.572898799,-8.444816054,-2.191780822,0.746965453,7.228915663,2.247191011
731,1644,127300,126600,122900,124500,123500,127000,134100,149100,-700,-3700,1600,-1000,3500,7100,15000,-0.549882168,-2.922590837,1.30187144,-0.803212851,2.834008097,5.590551181,11.18568233
732,671,79800,76500,89800,94900,81200,87200,84300,91200,-3300,13300,5100,-13700,6000,-2900,6900,-4.135338346,17.38562092,5.679287305,-14.43624868,7.389162562,-3.325688073,8.185053381
733,1919,272900,256400,252500,244900,257400,271800,278400,289000,-16500,-3900,-7600,12500,14400,6600,10600,-6.046170759,-1.521060842,-3.00990099,5.104124132,5.594405594,2.428256071,3.807471264
734,1986,71100,66400,67400,68400,64900,73500,76900,74500,-4700,1000,1000,-3500,8600,3400,-2400,-6.610407876,1.506024096,1.483679525,-5.116959064,13.25115562,4.62585034,-3.120936281
735,1227,112400,109800,107700,107200,110400,112500,116600,121400,-2600,-2100,-500,3200,2100,4100,4800,-2.31316726,-1.912568306,-0.464252553,2.985074627,1.902173913,3.644444444,4.116638079
736,2671,102900,97000,87700,88000,86300,86800,93200,102100,-5900,-9300,300,-1700,500,6400,8900,-5.73372206,-9.587628866,0.342075257,-1.931818182,0.579374276,7.373271889,9.549356223
737,601,165400,158000,154200,150800,155400,158100,159700,164100,-7400,-3800,-3400,4600,2700,1600,4400,-4.474002418,-2.405063291,-2.204928664,3.050397878,1.737451737,1.01201771,2.755165936
738,254,136646,133822,132243,129737,130709,134387,138449,143885,-2824,-1579,-2506,972,3678,4062,5436,-2.066653982,-1.179925573,-1.894996333,0.749208013,2.813884277,3.022613794,3.926355553
739,1447,80400,82300,79200,77500,73800,84000,88800,87000,1900,-3100,-1700,-3700,10200,4800,-1800,2.36318408,-3.766707169,-2.146464646,-4.774193548,13.82113821,5.714285714,-2.027027027
740,1883,219200,202300,196900,200200,199500,197100,204000,208800,-16900,-5400,3300,-700,-2400,6900,4800,-7.709854015,-2.669303015,1.675977654,-0.34965035,-1.203007519,3.500761035,2.352941176
741,104,137700,134600,131700,134800,140200,142200,148400,166700,-3100,-2900,3100,5400,2000,6200,18300,-2.251270879,-2.154531947,2.353834472,4.005934718,1.426533524,4.360056259,12.33153639
742,474,96500,97300,95600,93900,93100,96600,96000,96700,800,-1700,-1700,-800,3500,-600,700,0.829015544,-1.74717369,-1.778242678,-0.851970181,3.759398496,-0.621118012,0.729166667
743,1123,41700,43500,43800,44400,44200,41500,39700,45700,1800,300,600,-200,-2700,-1800,6000,4.316546763,0.689655172,1.369863014,-0.45045045,-6.108597285,-4.337349398,15.11335013
744,1328,118400,121000,119400,123400,122700,121100,125700,128400,2600,-1600,4000,-700,-1600,4600,2700,2.195945946,-1.32231405,3.350083752,-0.56726094,-1.30399348,3.798513625,2.14797136
745,2063,98300,80400,83400,85900,85900,88700,91200,93400,-17900,3000,2500,0,2800,2500,2200,-18.20956256,3.731343284,2.997601918,0,3.259604191,2.81848929,2.412280702
746,1527,156900,148200,145200,149400,152100,160500,164600,169900,-8700,-3000,4200,2700,8400,4100,5300,-5.544933078,-2.024291498,2.892561983,1.807228916,5.522682446,2.554517134,3.219927096
747,2305,62179,59061,52103,56015,55860,59193,61771,63380,-3118,-6958,3912,-155,3333,2578,1609,-5.014554753,-11.78103994,7.508204902,-0.276711595,5.96670247,4.355244708,2.604782179
748,1320,167400,168800,164600,162400,170600,178800,186000,197800,1400,-4200,-2200,8200,8200,7200,11800,0.836320191,-2.488151659,-1.336573512,5.049261084,4.806565064,4.026845638,6.344086022
749,693,74300,72700,72600,74500,79300,84500,85800,86400,-1600,-100,1900,4800,5200,1300,600,-2.153432032,-0.137551582,2.61707989,6.44295302,6.557377049,1.538461538,0.699300699
750,1193,120400,119500,112900,112700,115700,117600,122500,132500,-900,-6600,-200,3000,1900,4900,10000,-0.747508306,-5.523012552,-0.177147919,2.661934339,1.642178047,4.166666667,8.163265306
751,1922,118600,105600,105300,111500,120500,124900,133200,149500,-13000,-300,6200,9000,4400,8300,16300,-10.96121417,-0.284090909,5.887939221,8.071748879,3.651452282,6.645316253,12.23723724
752,993,289900,251800,240300,243400,263600,278000,307900,299800,-38100,-11500,3100,20200,14400,29900,-8100,-13.14246292,-4.567116759,1.290054099,8.299096138,5.462822458,10.75539568,-2.630724261
753,1174,153200,141500,121200,126400,155100,169100,176800,191900,-11700,-20300,5200,28700,14000,7700,15100,-7.637075718,-14.34628975,4.290429043,22.7056962,9.026434558,4.553518628,8.540723982
754,1584,127000,109900,97200,103400,108200,114500,116500,128700,-17100,-12700,6200,4800,6300,2000,12200,-13.46456693,-11.55595996,6.378600823,4.642166344,5.822550832,1.746724891,10.472103
755,2021,61700,59900,59100,59600,61600,64100,67600,69600,-1800,-800,500,2000,2500,3500,2000,-2.917341977,-1.335559265,0.846023689,3.355704698,4.058441558,5.460218409,2.958579882
756,560,72100,69100,66200,64700,64600,66700,66800,68000,-3000,-2900,-1500,-100,2100,100,1200,-4.160887656,-4.196816208,-2.265861027,-0.154559505,3.250773994,0.149925037,1.796407186
757,735,72800,70500,71800,69500,69300,68700,71300,73800,-2300,1300,-2300,-200,-600,2600,2500,-3.159340659,1.843971631,-3.203342618,-0.287769784,-0.865800866,3.784570597,3.50631136
758,1269,135000,129200,112600,118200,127800,141400,149900,162100,-5800,-16600,5600,9600,13600,8500,12200,-4.296296296,-12.84829721,4.973357016,8.121827411,10.64162754,6.011315417,8.138759173
759,538,106200,109500,109600,115000,120700,127400,132200,142600,3300,100,5400,5700,6700,4800,10400,3.107344633,0.091324201,4.927007299,4.956521739,5.550952775,3.767660911,7.866868381
760,510,100900,97000,93000,96600,99500,100100,105400,108900,-3900,-4000,3600,2900,600,5300,3500,-3.865213082,-4.12371134,3.870967742,3.002070393,0.603015075,5.294705295,3.320683112
761,1228,198300,198400,194300,197900,207600,211800,221500,236400,100,-4100,3600,9700,4200,9700,14900,0.050428643,-2.066532258,1.852804941,4.901465387,2.023121387,4.579792257,6.726862302
762,1136,181700,171200,163000,165400,153100,152200,174200,180200,-10500,-8200,2400,-12300,-900,22000,6000,-5.778756192,-4.789719626,1.472392638,-7.436517533,-0.587851078,14.45466491,3.444316877
763,49,116900,113000,111200,110100,111100,114500,120700,128300,-3900,-1800,-1100,1000,3400,6200,7600,-3.336184773,-1.592920354,-0.989208633,0.908265213,3.060306031,5.414847162,6.296603148
764,1209,128300,127200,125300,124200,127900,128000,133400,147100,-1100,-1900,-1100,3700,100,5400,13700,-0.857365549,-1.493710692,-0.877893057,2.979066023,0.078186083,4.21875,10.26986507
765,103,175500,169300,161800,161600,167100,168400,172500,179300,-6200,-7500,-200,5500,1300,4100,6800,-3.532763533,-4.430005907,-0.123609394,3.403465347,0.777977259,2.434679335,3.942028986
766,265,230100,233300,227300,224500,232700,233600,237800,246800,3200,-6000,-2800,8200,900,4200,9000,1.390699696,-2.571795971,-1.231852178,3.652561247,0.386764074,1.797945205,3.784693019
767,293,170400,160300,147200,141100,140400,145800,141900,154400,-10100,-13100,-6100,-700,5400,-3900,12500,-5.927230047,-8.172177168,-4.144021739,-0.496102055,3.846153846,-2.674897119,8.809020437
768,1441,140800,139300,138500,138900,143500,140700,142000,149100,-1500,-800,400,4600,-2800,1300,7100,-1.065340909,-0.574300072,0.288808664,3.311735061,-1.951219512,0.92395167,5
769,562,180200,189500,182000,178900,181100,192100,190500,206700,9300,-7500,-3100,2200,11000,-1600,16200,5.160932297,-3.957783641,-1.703296703,1.229737283,6.073992269,-0.832899531,8.503937008
770,1577,154000,159100,152500,124600,124200,125800,120800,125600,5100,-6600,-27900,-400,1600,-5000,4800,3.311688312,-4.148334381,-18.29508197,-0.321027287,1.288244767,-3.974562798,3.973509934
771,457,111600,108600,107200,108100,111300,114600,115700,125200,-3000,-1400,900,3200,3300,1100,9500,-2.688172043,-1.289134438,0.839552239,2.960222017,2.964959569,0.959860384,8.210890233
772,1988,74400,71000,71800,74900,74400,75800,78400,81500,-3400,800,3100,-500,1400,2600,3100,-4.569892473,1.126760563,4.317548747,-0.667556742,1.88172043,3.430079156,3.954081633
773,372,240900,225400,213600,213000,228500,229400,237900,246000,-15500,-11800,-600,15500,900,8500,8100,-6.434205064,-5.235137533,-0.280898876,7.276995305,0.393873085,3.705318221,3.404791929
774,1740,97100,82200,76400,80700,84700,88100,93200,101800,-14900,-5800,4300,4000,3400,5100,8600,-15.34500515,-7.055961071,5.628272251,4.956629492,4.014167651,5.788876277,9.227467811
775,2041,74600,66000,60700,57600,60600,62600,68200,72200,-8600,-5300,-3100,3000,2000,5600,4000,-11.52815013,-8.03030303,-5.10708402,5.208333333,3.300330033,8.945686901,5.865102639
776,2192,59000,58600,59100,58700,57600,61000,62200,61200,-400,500,-400,-1100,3400,1200,-1000,-0.677966102,0.853242321,-0.676818951,-1.873935264,5.902777778,1.967213115,-1.607717042
777,356,120000,121000,121200,119700,117500,119800,125000,129700,1000,200,-1500,-2200,2300,5200,4700,0.833333333,0.165289256,-1.237623762,-1.837928154,1.957446809,4.340567613,3.76
778,780,79400,79800,79600,77500,84800,90300,88700,91600,400,-200,-2100,7300,5500,-1600,2900,0.503778338,-0.250626566,-2.638190955,9.419354839,6.485849057,-1.771871539,3.269447576
779,1780,75900,73300,72100,73200,74600,75600,79800,83100,-2600,-1200,1100,1400,1000,4200,3300,-3.425559947,-1.637107776,1.525658807,1.912568306,1.340482574,5.555555556,4.135338346
780,1504,115700,115800,115900,118200,125600,127000,133000,136200,100,100,2300,7400,1400,6000,3200,0.086430424,0.086355786,1.98446937,6.260575296,1.114649682,4.724409449,2.406015038
781,178,261400,249700,233700,234700,238500,241100,244300,256300,-11700,-16000,1000,3800,2600,3200,12000,-4.475899005,-6.407689227,0.427899016,1.619088198,1.090146751,1.327250104,4.911993451
782,1149,32100,29400,34500,43600,40300,35600,43100,56400,-2700,5100,9100,-3300,-4700,7500,13300,-8.411214953,17.34693878,26.37681159,-7.568807339,-11.66253102,21.06741573,30.85846868
783,338,139800,135200,137100,129600,136700,137000,139700,145200,-4600,1900,-7500,7100,300,2700,5500,-3.290414878,1.405325444,-5.470459519,5.478395062,0.219458669,1.97080292,3.937007874
784,2919,56100,59900,59600,59400,57300,51400,53800,54600,3800,-300,-200,-2100,-5900,2400,800,6.773618538,-0.500834725,-0.33557047,-3.535353535,-10.29668412,4.6692607,1.486988848
785,1714,198000,190600,177300,174800,181300,187200,197000,192400,-7400,-13300,-2500,6500,5900,9800,-4600,-3.737373737,-6.977964323,-1.410039481,3.718535469,3.254274683,5.235042735,-2.335025381
786,1157,130000,126000,121700,123000,131200,142100,153700,169200,-4000,-4300,1300,8200,10900,11600,15500,-3.076923077,-3.412698413,1.068200493,6.666666667,8.307926829,8.163265306,10.08458035
787,1619,122000,121300,121600,120700,119700,122600,123900,128900,-700,300,-900,-1000,2900,1300,5000,-0.573770492,0.247320692,-0.740131579,-0.828500414,2.422723475,1.060358891,4.03551251
788,1264,137732,160692,123273,116951,114898,109528,104884,106099,22960,-37419,-6322,-2053,-5370,-4644,1215,16.67005489,-23.28616235,-5.128454731,-1.755436037,-4.673710595,-4.240011687,1.158422638
789,1459,82100,80600,79800,82000,86800,91200,85800,86200,-1500,-800,2200,4800,4400,-5400,400,-1.827040195,-0.992555831,2.756892231,5.853658537,5.069124424,-5.921052632,0.466200466
790,476,70200,72800,72400,73000,74400,81600,84700,86900,2600,-400,600,1400,7200,3100,2200,3.703703704,-0.549450549,0.828729282,1.917808219,9.677419355,3.799019608,2.597402597
791,605,171800,168700,161000,162000,163200,165700,167600,171600,-3100,-7700,1000,1200,2500,1900,4000,-1.804423749,-4.564315353,0.621118012,0.740740741,1.531862745,1.146650573,2.386634845
792,1797,119800,108400,103900,104200,107500,115500,123400,127700,-11400,-4500,300,3300,8000,7900,4300,-9.515859766,-4.151291513,0.288739172,3.166986564,7.441860465,6.83982684,3.484602917
793,41,226900,223500,209700,209300,213700,209900,207600,217500,-3400,-13800,-400,4400,-3800,-2300,9900,-1.49845747,-6.174496644,-0.190748689,2.102245581,-1.77819373,-1.095759886,4.768786127
794,1678,92900,92900,90300,94900,106600,104700,110400,113300,0,-2600,4600,11700,-1900,5700,2900,0,-2.798708288,5.094130676,12.32876712,-1.782363977,5.444126074,2.626811594
795,224,259800,249400,227700,236400,262800,283000,296700,319900,-10400,-21700,8700,26400,20200,13700,23200,-4.003079292,-8.700882117,3.820816864,11.16751269,7.686453577,4.840989399,7.819346141
796,1492,89500,92400,89800,87300,89300,93000,95300,101900,2900,-2600,-2500,2000,3700,2300,6600,3.240223464,-2.813852814,-2.783964365,2.290950745,4.143337066,2.47311828,6.925498426
797,1285,175400,174800,174900,178300,185900,199600,217300,242900,-600,100,3400,7600,13700,17700,25600,-0.342075257,0.057208238,1.943967982,4.262478968,7.369553523,8.867735471,11.780948
798,535,111200,105200,102700,100200,100300,103800,103500,97200,-6000,-2500,-2500,100,3500,-300,-6300,-5.395683453,-2.376425856,-2.434274586,0.099800399,3.489531406,-0.289017341,-6.086956522
799,2252,71100,65000,65300,64900,60500,61900,65700,66000,-6100,300,-400,-4400,1400,3800,300,-8.579465541,0.461538462,-0.612557427,-6.779661017,2.314049587,6.138933764,0.456621005
800,1555,96853,98104,97495,99130,100331,104124,110272,115379,1251,-609,1635,1201,3793,6148,5107,1.291648168,-0.620769795,1.677009077,1.211540401,3.780486589,5.904498483,4.631275392
801,354,174900,173400,165200,168100,173200,175300,190000,214500,-1500,-8200,2900,5100,2100,14700,24500,-0.857632933,-4.728950404,1.755447942,3.033908388,1.212471132,8.385624643,12.89473684
802,1759,71800,68400,69300,71400,73100,75000,79300,81300,-3400,900,2100,1700,1900,4300,2000,-4.735376045,1.315789474,3.03030303,2.380952381,2.599179207,5.733333333,2.522068096
803,1409,119000,116400,115300,118200,121000,120600,120600,125600,-2600,-1100,2900,2800,-400,0,5000,-2.18487395,-0.945017182,2.515177797,2.368866328,-0.330578512,0,4.145936982
804,1298,147300,147300,145100,145000,149100,151800,155100,165000,0,-2200,-100,4100,2700,3300,9900,0,-1.493550577,-0.068917988,2.827586207,1.810865191,2.173913043,6.382978723
805,1622,92500,75600,73500,78600,80800,90900,100500,102800,-16900,-2100,5100,2200,10100,9600,2300,-18.27027027,-2.777777778,6.93877551,2.798982188,12.5,10.56105611,2.288557214
806,25,207700,191200,176900,187300,209900,218800,231400,246500,-16500,-14300,10400,22600,8900,12600,15100,-7.944150217,-7.479079498,5.879027699,12.06620395,4.24011434,5.758683729,6.525496975
807,148,195500,179400,172200,180500,180600,185800,193800,206500,-16100,-7200,8300,100,5200,8000,12700,-8.235294118,-4.013377926,4.819976771,0.055401662,2.879291251,4.305705059,6.553147575
808,1252,130200,120400,107800,107100,119200,133200,143500,153900,-9800,-12600,-700,12100,14000,10300,10400,-7.52688172,-10.46511628,-0.649350649,11.29785247,11.74496644,7.732732733,7.24738676
809,1981,96790,95946,95507,93827,91919,91824,106096,108272,-844,-439,-1680,-1908,-95,14272,2176,-0.871990908,-0.457549038,-1.759033369,-2.033529794,-0.103351864,15.54277749,2.050972704
810,1534,78100,76000,75400,75600,75300,76200,73700,73200,-2100,-600,200,-300,900,-2500,-500,-2.688860435,-0.789473684,0.265251989,-0.396825397,1.195219124,-3.280839895,-0.678426052
811,812,94600,91100,91600,91700,96300,101100,105600,109700,-3500,500,100,4600,4800,4500,4100,-3.699788584,0.54884742,0.109170306,5.016357688,4.984423676,4.451038576,3.882575758
812,1710,74800,73200,74200,73200,74900,75400,78600,79800,-1600,1000,-1000,1700,500,3200,1200,-2.139037433,1.366120219,-1.347708895,2.322404372,0.667556742,4.24403183,1.526717557
813,563,76000,66200,69100,72000,66300,66000,68100,67900,-9800,2900,2900,-5700,-300,2100,-200,-12.89473684,4.380664653,4.196816208,-7.916666667,-0.452488688,3.181818182,-0.293685756
814,500,85900,85000,82700,83700,83900,86600,86800,89900,-900,-2300,1000,200,2700,200,3100,-1.047729919,-2.705882353,1.209189843,0.238948626,3.218116806,0.230946882,3.571428571
815,1274,105000,92900,86700,85500,93100,103900,115200,134600,-12100,-6200,-1200,7600,10800,11300,19400,-11.52380952,-6.673842842,-1.384083045,8.888888889,11.60042965,10.87584216,16.84027778
816,2627,63000,50700,50400,53700,52600,55100,54900,60700,-12300,-300,3300,-1100,2500,-200,5800,-19.52380952,-0.591715976,6.547619048,-2.048417132,4.752851711,-0.362976407,10.56466302
817,850,63000,63900,63700,67500,63500,66300,70500,76700,900,-200,3800,-4000,2800,4200,6200,1.428571429,-0.312989045,5.965463108,-5.925925926,4.409448819,6.334841629,8.794326241
818,1176,78600,77400,75200,75900,76000,79100,82000,86700,-1200,-2200,700,100,3100,2900,4700,-1.526717557,-2.842377261,0.930851064,0.131752306,4.078947368,3.666245259,5.731707317
819,653,81400,81100,77000,78200,80700,83300,86200,87500,-300,-4100,1200,2500,2600,2900,1300,-0.368550369,-5.055487053,1.558441558,3.196930946,3.22180917,3.481392557,1.50812065
820,1366,96500,81600,73100,72200,73700,80500,89800,106600,-14900,-8500,-900,1500,6800,9300,16800,-15.44041451,-10.41666667,-1.23119015,2.077562327,9.226594301,11.55279503,18.70824053
821,1670,66900,65400,64600,65500,68100,70500,74200,79500,-1500,-800,900,2600,2400,3700,5300,-2.242152466,-1.22324159,1.393188854,3.969465649,3.524229075,5.24822695,7.142857143
822,1163,133800,120700,115000,119300,134600,146400,160200,183800,-13100,-5700,4300,15300,11800,13800,23600,-9.790732436,-4.722452361,3.739130435,12.8248114,8.766716196,9.426229508,14.73158552
823,1202,224500,215700,203600,206600,217800,223800,235000,249000,-8800,-12100,3000,11200,6000,11200,14000,-3.919821826,-5.609643023,1.473477407,5.421103582,2.754820937,5.004468275,5.957446809
824,1552,92300,83700,81500,88000,91300,97400,102300,109200,-8600,-2200,6500,3300,6100,4900,6900,-9.31744312,-2.628434886,7.975460123,3.75,6.681270537,5.030800821,6.744868035
825,1242,85802,82620,72138,69817,68260,72960,74523,71981,-3182,-10482,-2321,-1557,4700,1563,-2542,-3.708538263,-12.68700073,-3.217444343,-2.230115874,6.885438031,2.142269737,-3.411027468
826,796,94700,92500,89100,90000,92200,93300,101000,103100,-2200,-3400,900,2200,1100,7700,2100,-2.32312566,-3.675675676,1.01010101,2.444444444,1.193058568,8.252947481,2.079207921
827,2218,71200,71100,71500,73700,78600,84200,90100,95200,-100,400,2200,4900,5600,5900,5100,-0.140449438,0.562587904,3.076923077,6.648575305,7.124681934,7.007125891,5.660377358
828,618,144000,151900,151300,152100,150300,147300,145800,147500,7900,-600,800,-1800,-3000,-1500,1700,5.486111111,-0.394996708,0.528750826,-1.183431953,-1.996007984,-1.018329939,1.165980796
829,31,468000,480500,466500,494900,534600,563700,590300,639000,12500,-14000,28400,39700,29100,26600,48700,2.670940171,-2.913631634,6.087888532,8.02182259,5.44332211,4.718822068,8.250042351
830,887,277300,270400,260300,266500,286900,306600,338900,382500,-6900,-10100,6200,20400,19700,32300,43600,-2.488279841,-3.735207101,2.381867076,7.65478424,6.866504008,10.53489889,12.86515196
831,1524,168500,166200,164900,168200,172900,184400,193500,199600,-2300,-1300,3300,4700,11500,9100,6100,-1.364985163,-0.782190132,2.001212856,2.794292509,6.651243493,4.934924078,3.15245478
832,883,108500,101000,95000,94400,95700,96000,94000,96900,-7500,-6000,-600,1300,300,-2000,2900,-6.912442396,-5.940594059,-0.631578947,1.377118644,0.313479624,-2.083333333,3.085106383
833,619,77400,76300,75100,74600,76000,76000,80600,81200,-1100,-1200,-500,1400,0,4600,600,-1.42118863,-1.572739187,-0.665778961,1.876675603,0,6.052631579,0.744416873
834,166,152800,144700,138000,139200,147300,149200,152800,160200,-8100,-6700,1200,8100,1900,3600,7400,-5.30104712,-4.630269523,0.869565217,5.818965517,1.289884589,2.412868633,4.842931937
835,769,71298,75017,75144,70522,76209,75563,80956,87373,3719,127,-4622,5687,-646,5393,6417,5.216135095,0.16929496,-6.150857021,8.064150194,-0.84766891,7.137090904,7.926527991
836,367,139000,122800,117700,121700,119700,120400,124300,125600,-16200,-5100,4000,-2000,700,3900,1300,-11.65467626,-4.153094463,3.398470688,-1.643385374,0.584795322,3.239202658,1.045856798
837,1304,115100,116400,109300,105300,107900,108600,113400,115300,1300,-7100,-4000,2600,700,4800,1900,1.12945265,-6.099656357,-3.659652333,2.469135802,0.648748842,4.419889503,1.675485009
838,2251,165900,132700,132800,132500,134300,140100,149200,153800,-33200,100,-300,1800,5800,9100,4600,-20.01205546,0.07535795,-0.225903614,1.358490566,4.318689501,6.495360457,3.08310992
839,2395,63476,59029,57782,60385,63174,67057,69138,69500,-4447,-1247,2603,2789,3883,2081,362,-7.005797467,-2.112520964,4.504863106,4.618696696,6.146515972,3.103330003,0.5235905
840,2212,70000,71500,71200,72600,76700,81400,84900,89500,1500,-300,1400,4100,4700,3500,4600,2.142857143,-0.41958042,1.966292135,5.64738292,6.127770535,4.2997543,5.418138987
841,1398,90600,87800,85700,85100,84600,75500,75800,85900,-2800,-2100,-600,-500,-9100,300,10100,-3.090507726,-2.391799544,-0.700116686,-0.587544066,-10.75650118,0.397350993,13.32453826
842,157,387900,389200,373600,389800,406600,406400,407600,423400,1300,-15600,16200,16800,-200,1200,15800,0.335137922,-4.008221994,4.336188437,4.309902514,-0.049188392,0.295275591,3.876349362
843,1610,92200,90800,90100,90400,91400,95000,101000,106900,-1400,-700,300,1000,3600,6000,5900,-1.518438178,-0.77092511,0.332963374,1.10619469,3.938730853,6.315789474,5.841584158
844,1861,144600,143800,139200,144900,149200,157800,164300,168200,-800,-4600,5700,4300,8600,6500,3900,-0.553250346,-3.198887344,4.094827586,2.967563837,5.764075067,4.11913815,2.373706634
845,67,312500,290100,266200,278500,278600,301800,318400,344200,-22400,-23900,12300,100,23200,16600,25800,-7.168,-8.238538435,4.620586026,0.035906643,8.327351041,5.500331345,8.103015075
846,1015,39304,38878,33625,34039,37231,37184,39848,38378,-426,-5253,414,3192,-47,2664,-1470,-1.083859149,-13.51149751,1.231226766,9.377478774,-0.126238887,7.164371773,-3.689018269
847,299,228500,219200,202500,201000,211400,204500,234500,270800,-9300,-16700,-1500,10400,-6900,30000,36300,-4.070021882,-7.618613139,-0.740740741,5.174129353,-3.263954588,14.66992665,15.47974414
848,972,153402,156680,160107,175690,181515,180000,200800,208522,3278,3427,15583,5825,-1515,20800,7722,2.136869141,2.187260659,9.732866146,3.31549889,-0.834641765,11.55555556,3.84561753
849,2679,68700,66100,66000,65200,65100,65100,64900,67900,-2600,-100,-800,-100,0,-200,3000,-3.784570597,-0.15128593,-1.212121212,-0.153374233,0,-0.307219662,4.622496148
850,1881,79900,82700,78400,78400,80400,86500,88200,93200,2800,-4300,0,2000,6100,1700,5000,3.504380476,-5.199516324,0,2.551020408,7.587064677,1.965317919,5.66893424
851,418,85200,84100,83100,80900,80100,81900,85100,92100,-1100,-1000,-2200,-800,1800,3200,7000,-1.291079812,-1.189060642,-2.647412756,-0.988875155,2.247191011,3.907203907,8.225616921
852,311,361100,354300,339700,326800,350100,348000,344600,359500,-6800,-14600,-12900,23300,-2100,-3400,14900,-1.883134866,-4.120801581,-3.797468354,7.129742962,-0.59982862,-0.977011494,4.323853743
853,631,108300,111300,109100,107400,106800,109100,109500,112700,3000,-2200,-1700,-600,2300,400,3200,2.770083102,-1.976639712,-1.558203483,-0.558659218,2.153558052,0.366636114,2.922374429
854,1641,85500,83800,80100,79500,79600,82600,82200,84100,-1700,-3700,-600,100,3000,-400,1900,-1.988304094,-4.415274463,-0.74906367,0.125786164,3.768844221,-0.484261501,2.311435523
855,1695,71626,54300,69400,78200,73400,75600,77200,84500,-17326,15100,8800,-4800,2200,1600,7300,-24.18954011,27.80847145,12.68011527,-6.138107417,2.997275204,2.116402116,9.455958549
856,531,85000,62000,62200,83500,88700,89200,90000,91100,-23000,200,21300,5200,500,800,1100,-27.05882353,0.322580645,34.24437299,6.22754491,0.563697858,0.896860987,1.222222222
857,1430,87800,80100,82600,79700,82200,91800,100300,93700,-7700,2500,-2900,2500,9600,8500,-6600,-8.769931663,3.121098627,-3.510895884,3.136762861,11.67883212,9.259259259,-6.580259222
858,2478,76800,77800,75700,76600,79500,83300,86900,89300,1000,-2100,900,2900,3800,3600,2400,1.302083333,-2.699228792,1.188903567,3.785900783,4.779874214,4.321728691,2.761795167
859,1917,121700,113900,116300,121900,133500,142200,155100,168700,-7800,2400,5600,11600,8700,12900,13600,-6.409202958,2.107111501,4.815133276,9.515996719,6.516853933,9.071729958,8.768536428
860,236,122500,121900,118000,121400,138900,139900,150200,181400,-600,-3900,3400,17500,1000,10300,31200,-0.489795918,-3.199343724,2.881355932,14.41515651,0.719942405,7.362401716,20.7723036
861,732,80700,81500,78800,83600,88200,84700,86700,89000,800,-2700,4800,4600,-3500,2000,2300,0.991325898,-3.312883436,6.091370558,5.502392344,-3.968253968,2.361275089,2.652825836
862,1309,137200,126300,115500,122300,137700,150000,165500,183100,-10900,-10800,6800,15400,12300,15500,17600,-7.944606414,-8.551068884,5.887445887,12.59198692,8.932461874,10.33333333,10.63444109
863,407,91342,90628,94903,90764,97001,96148,99494,101823,-714,4275,-4139,6237,-853,3346,2329,-0.781677651,4.717085228,-4.361295217,6.871667181,-0.879372378,3.480051587,2.340844674
864,1223,103000,91600,83300,85800,91500,97900,100900,114900,-11400,-8300,2500,5700,6400,3000,14000,-11.06796117,-9.061135371,3.00120048,6.643356643,6.994535519,3.064351379,13.87512389
865,938,273700,255300,245100,246500,270900,278300,294000,319100,-18400,-10200,1400,24400,7400,15700,25100,-6.722689076,-3.995299647,0.57119543,9.898580122,2.73163529,5.641394179,8.537414966
866,1467,89700,89600,86300,86900,94700,101900,107000,118300,-100,-3300,600,7800,7200,5100,11300,-0.11148272,-3.683035714,0.695249131,8.975834292,7.602956705,5.004906771,10.56074766
867,1786,60100,58000,56200,57000,57700,58700,62800,65400,-2100,-1800,800,700,1000,4100,2600,-3.494176373,-3.103448276,1.423487544,1.228070175,1.733102253,6.984667802,4.140127389
868,973,122100,118800,123800,128800,133600,134000,137500,140500,-3300,5000,5000,4800,400,3500,3000,-2.702702703,4.208754209,4.038772213,3.726708075,0.299401198,2.611940299,2.181818182
869,865,129400,128700,124300,125500,125500,127900,128100,148200,-700,-4400,1200,0,2400,200,20100,-0.540958269,-3.418803419,0.965406275,0,1.912350598,0.156372166,15.69086651
870,261,150900,146400,142400,146700,149000,150500,160500,171300,-4500,-4000,4300,2300,1500,10000,10800,-2.982107356,-2.732240437,3.019662921,1.567825494,1.006711409,6.644518272,6.728971963
871,1556,186300,174000,168300,171400,183900,191900,199700,184400,-12300,-5700,3100,12500,8000,7800,-15300,-6.602254428,-3.275862069,1.841948901,7.292882147,4.350190321,4.064616988,-7.661492238
872,1731,76400,88100,79300,76400,76100,79400,77700,74000,11700,-8800,-2900,-300,3300,-1700,-3700,15.31413613,-9.988649262,-3.656998739,-0.392670157,4.336399474,-2.141057935,-4.761904762
873,1438,97100,100900,109000,105400,110300,113800,114500,119100,3800,8100,-3600,4900,3500,700,4600,3.913491246,8.027750248,-3.302752294,4.648956357,3.173164098,0.615114236,4.017467249
874,713,151900,125600,134000,136000,134400,149100,159100,166700,-26300,8400,2000,-1600,14700,10000,7600,-17.31402238,6.687898089,1.492537313,-1.176470588,10.9375,6.706908115,4.776869893
875,437,303500,285200,264300,258000,259900,276500,295100,345900,-18300,-20900,-6300,1900,16600,18600,50800,-6.029654036,-7.328190743,-2.383654938,0.736434109,6.387071951,6.726943942,17.21450356
876,1667,230000,215900,216600,205800,221300,220900,230800,231900,-14100,700,-10800,15500,-400,9900,1100,-6.130434783,0.324224178,-4.986149584,7.531584062,-0.180750113,4.481665912,0.47660312
877,638,109700,107400,104700,110700,116000,118700,124300,131000,-2300,-2700,6000,5300,2700,5600,6700,-2.096627165,-2.51396648,5.730659026,4.787714544,2.327586207,4.717775906,5.390185036
878,2214,89900,94000,94000,80900,69700,72100,79400,85300,4100,0,-13100,-11200,2400,7300,5900,4.560622914,0,-13.93617021,-13.84425216,3.443328551,10.12482663,7.430730479
879,567,87952,86026,84068,83591,89765,90472,87000,92685,-1926,-1958,-477,6174,707,-3472,5685,-2.189830817,-2.276056076,-0.567397821,7.385962604,0.787612098,-3.837651428,6.534482759
880,1530,80300,74800,67400,61800,65800,69700,74200,80400,-5500,-7400,-5600,4000,3900,4500,6200,-6.849315068,-9.893048128,-8.308605341,6.472491909,5.927051672,6.456241033,8.355795148
881,1478,135200,119300,101100,114700,130200,138200,151700,159100,-15900,-18200,13600,15500,8000,13500,7400,-11.76035503,-15.25565801,13.4520277,13.51351351,6.144393241,9.76845152,4.87804878
882,1479,111100,144600,104500,96100,96100,85400,90200,86300,33500,-40100,-8400,0,-10700,4800,-3900,30.1530153,-27.73167358,-8.038277512,0,-11.13423517,5.620608899,-4.323725055
883,1590,94800,96400,97900,99900,100900,105600,108900,113500,1600,1500,2000,1000,4700,3300,4600,1.687763713,1.556016598,2.042900919,1.001001001,4.658077304,3.125,4.22405877
884,2314,71300,73500,73000,74200,73900,75700,78900,84200,2200,-500,1200,-300,1800,3200,5300,3.085553997,-0.680272109,1.643835616,-0.404312668,2.435723951,4.227212682,6.717363752
885,2699,51800,50800,50400,52300,55300,57400,64300,70600,-1000,-400,1900,3000,2100,6900,6300,-1.930501931,-0.787401575,3.76984127,5.736137667,3.797468354,12.02090592,9.797822706
886,1282,94400,94000,88700,93600,86300,95500,102500,113900,-400,-5300,4900,-7300,9200,7000,11400,-0.423728814,-5.638297872,5.524239008,-7.799145299,10.66048667,7.329842932,11.12195122
887,1181,115000,113400,105200,102300,108000,103000,105500,115400,-1600,-8200,-2900,5700,-5000,2500,9900,-1.391304348,-7.231040564,-2.756653992,5.571847507,-4.62962963,2.427184466,9.383886256
888,1305,126300,131800,106700,91000,90000,92900,100400,106300,5500,-25100,-15700,-1000,2900,7500,5900,4.354711006,-19.04400607,-14.71415183,-1.098901099,3.222222222,8.073196986,5.876494024
889,691,163900,159800,153100,158900,163500,163600,172200,176100,-4100,-6700,5800,4600,100,8600,3900,-2.50152532,-4.192740926,3.788373612,2.894902454,0.06116208,5.256723716,2.264808362
890,761,69900,75200,69600,69500,73200,71500,75100,76900,5300,-5600,-100,3700,-1700,3600,1800,7.582260372,-7.446808511,-0.143678161,5.323741007,-2.322404372,5.034965035,2.396804261
891,829,51500,49100,49000,49100,50300,49800,50100,53300,-2400,-100,100,1200,-500,300,3200,-4.660194175,-0.203665988,0.204081633,2.443991853,-0.994035785,0.602409639,6.387225549
892,205,203300,187800,171000,180100,196500,221100,236000,262800,-15500,-16800,9100,16400,24600,14900,26800,-7.624200689,-8.945686901,5.321637427,9.106052193,12.51908397,6.739032112,11.3559322
893,2336,57000,57600,57600,57100,60800,62700,65700,72800,600,0,-500,3700,1900,3000,7100,1.052631579,0,-0.868055556,6.479859895,3.125,4.784688995,10.80669711
894,2298,86500,85400,85100,90700,97200,105700,114300,124100,-1100,-300,5600,6500,8500,8600,9800,-1.271676301,-0.351288056,6.580493537,7.166482911,8.744855967,8.136234626,8.573928259
895,485,293400,288700,276800,276600,282000,287100,285600,296700,-4700,-11900,-200,5400,5100,-1500,11100,-1.601908657,-4.121925875,-0.072254335,1.952277657,1.808510638,-0.52246604,3.886554622
896,1942,103300,84800,74600,75600,91000,100600,105800,110100,-18500,-10200,1000,15400,9600,5200,4300,-17.9090029,-12.02830189,1.340482574,20.37037037,10.54945055,5.168986083,4.064272212
897,729,103600,102000,101700,99400,101500,104900,107800,112700,-1600,-300,-2300,2100,3400,2900,4900,-1.544401544,-0.294117647,-2.261553589,2.112676056,3.349753695,2.764537655,4.545454545
898,759,114400,115700,115600,119500,122900,133500,135100,140800,1300,-100,3900,3400,10600,1600,5700,1.136363636,-0.086430424,3.373702422,2.845188285,8.624898291,1.198501873,4.219096965
899,1334,99500,100400,98400,99400,100000,100100,100600,99200,900,-2000,1000,600,100,500,-1400,0.904522613,-1.992031873,1.016260163,0.60362173,0.1,0.4995005,-1.391650099
900,2266,91900,100400,80800,79700,77900,79400,87400,94500,8500,-19600,-1100,-1800,1500,8000,7100,9.249183896,-19.52191235,-1.361386139,-2.25846926,1.925545571,10.07556675,8.123569794
901,849,122000,118500,112700,110100,107700,111800,116000,122600,-3500,-5800,-2600,-2400,4100,4200,6600,-2.868852459,-4.894514768,-2.30700976,-2.179836512,3.806870938,3.756708408,5.689655172
902,1658,69700,69500,70000,72100,77000,83200,90400,97500,-200,500,2100,4900,6200,7200,7100,-0.286944046,0.71942446,3,6.796116505,8.051948052,8.653846154,7.853982301
903,2236,58900,55000,56300,61600,62600,85600,84400,86400,-3900,1300,5300,1000,23000,-1200,2000,-6.62139219,2.363636364,9.413854352,1.623376623,36.74121406,-1.401869159,2.369668246
904,1718,63600,62100,59900,60100,61900,64200,66200,70000,-1500,-2200,200,1800,2300,2000,3800,-2.358490566,-3.542673108,0.333889816,2.995008319,3.715670436,3.115264798,5.740181269
905,2673,80700,90700,74000,74100,75700,77600,82400,88900,10000,-16700,100,1600,1900,4800,6500,12.39157373,-18.4123484,0.135135135,2.159244265,2.50990753,6.18556701,7.888349515
906,66,110500,103900,96200,91700,92900,98100,100200,101700,-6600,-7700,-4500,1200,5200,2100,1500,-5.972850679,-7.410972089,-4.677754678,1.308615049,5.597416577,2.140672783,1.497005988
907,445,59513,57550,57287,59033,55308,53346,54640,54232,-1963,-263,1746,-3725,-1962,1294,-408,-3.298438997,-0.456993918,3.047811894,-6.310029983,-3.547407247,2.425673902,-0.74670571
908,86,233700,228000,223000,239900,264800,292600,339900,371900,-5700,-5000,16900,24900,27800,47300,32000,-2.43902439,-2.192982456,7.578475336,10.37932472,10.49848943,16.16541353,9.414533686
909,2102,96344,85389,84765,86585,86182,90753,98989,112573,-10955,-624,1820,-403,4571,8236,13584,-11.37071328,-0.730773285,2.147112605,-0.465438586,5.303891764,9.075182088,13.72273687
910,1777,152500,142800,140400,146000,155600,164300,178600,183600,-9700,-2400,5600,9600,8700,14300,5000,-6.360655738,-1.680672269,3.988603989,6.575342466,5.59125964,8.703590992,2.799552072
911,1624,50200,48200,51800,67300,72700,68600,53500,48100,-2000,3600,15500,5400,-4100,-15100,-5400,-3.984063745,7.468879668,29.92277992,8.023774146,-5.639614856,-22.01166181,-10.09345794
912,1708,77900,79500,78600,80900,80200,88300,89000,94300,1600,-900,2300,-700,8100,700,5300,2.053915276,-1.132075472,2.926208651,-0.86526576,10.09975062,0.792751982,5.95505618
913,1874,118100,115800,112400,111700,111500,112100,115800,120500,-2300,-3400,-700,-200,600,3700,4700,-1.947502117,-2.936096718,-0.622775801,-0.17905103,0.538116592,3.300624442,4.058721934
914,57,124500,122300,121200,122600,125300,128000,133900,143400,-2200,-1100,1400,2700,2700,5900,9500,-1.767068273,-0.899427637,1.155115512,2.20228385,2.154828412,4.609375,7.094846901
915,1197,136500,133800,128000,126200,129700,127900,128500,151800,-2700,-5800,-1800,3500,-1800,600,23300,-1.978021978,-4.334828102,-1.40625,2.773375594,-1.387818042,0.469116497,18.13229572
916,194,150400,149200,139900,138500,138100,143200,145100,153300,-1200,-9300,-1400,-400,5100,1900,8200,-0.79787234,-6.233243968,-1.000714796,-0.288808664,3.692976104,1.326815642,5.651274983
917,2894,72493,80192,73264,78239,74946,75807,78223,87825,7699,-6928,4975,-3293,861,2416,9602,10.62033576,-8.639265762,6.790511029,-4.208898375,1.148827156,3.187040775,12.27516204
918,2000,119000,112900,122600,126800,133300,141900,151900,163200,-6100,9700,4200,6500,8600,10000,11300,-5.12605042,8.591674048,3.425774878,5.126182965,6.451612903,7.04721635,7.439104674
919,334,111600,119500,117900,128200,123200,123000,121700,126100,7900,-1600,10300,-5000,-200,-1300,4400,7.078853047,-1.338912134,8.736217133,-3.900156006,-0.162337662,-1.056910569,3.615447823
920,2615,40400,39700,38900,39400,38400,38300,44400,51900,-700,-800,500,-1000,-100,6100,7500,-1.732673267,-2.01511335,1.285347044,-2.538071066,-0.260416667,15.92689295,16.89189189
921,895,140400,110100,111400,127000,144300,154300,171200,181600,-30300,1300,15600,17300,10000,16900,10400,-21.58119658,1.180744777,14.00359066,13.62204724,6.93000693,10.95268957,6.074766355
922,636,73100,78100,74000,78100,82100,80900,86000,81300,5000,-4100,4100,4000,-1200,5100,-4700,6.83994528,-5.249679898,5.540540541,5.121638924,-1.461632156,6.30407911,-5.465116279
923,582,103900,101500,100000,102600,103000,107500,110600,118800,-2400,-1500,2600,400,4500,3100,8200,-2.309913378,-1.477832512,2.6,0.389863548,4.368932039,2.88372093,7.414104882
924,1238,84600,85000,78700,78200,78300,77300,79500,87800,400,-6300,-500,100,-1000,2200,8300,0.472813239,-7.411764706,-0.635324015,0.127877238,-1.277139208,2.846054334,10.44025157
925,793,287200,270100,241900,237900,250200,269200,299900,324200,-17100,-28200,-4000,12300,19000,30700,24300,-5.954038997,-10.44057756,-1.653575858,5.170239596,7.59392486,11.40416048,8.1027009
926,423,160900,154800,147600,150100,162900,156900,157600,175100,-6100,-7200,2500,12800,-6000,700,17500,-3.791174643,-4.651162791,1.693766938,8.527648235,-3.683241252,0.446144041,11.10406091
927,566,185600,189800,183300,191800,189200,197000,197000,203200,4200,-6500,8500,-2600,7800,0,6200,2.262931034,-3.424657534,4.637206765,-1.355578728,4.122621564,0,3.147208122
928,1744,90700,88900,87100,88100,87000,90200,91800,95600,-1800,-1800,1000,-1100,3200,1600,3800,-1.984564498,-2.024746907,1.148105626,-1.248581158,3.67816092,1.77383592,4.139433551
929,1828,127200,116800,112500,116600,124000,131700,141100,151800,-10400,-4300,4100,7400,7700,9400,10700,-8.176100629,-3.681506849,3.644444444,6.346483705,6.209677419,7.137433561,7.583274274
930,1825,100200,106600,95400,95700,111800,111900,112300,107700,6400,-11200,300,16100,100,400,-4600,6.387225549,-10.5065666,0.314465409,16.82340648,0.089445438,0.35746202,-4.096170971
931,607,128700,126300,118500,117300,125800,124500,131700,139300,-2400,-7800,-1200,8500,-1300,7200,7600,-1.864801865,-6.175771971,-1.012658228,7.246376812,-1.033386328,5.78313253,5.770690964
932,2014,67800,66800,66000,67700,71200,76500,81600,88100,-1000,-800,1700,3500,5300,5100,6500,-1.474926254,-1.19760479,2.575757576,5.169867061,7.443820225,6.666666667,7.965686275
933,1826,121900,117600,112800,110200,110400,112200,111900,112200,-4300,-4800,-2600,200,1800,-300,300,-3.527481542,-4.081632653,-2.304964539,0.181488203,1.630434783,-0.267379679,0.268096515
934,1791,61000,71300,84700,76700,73200,70200,76200,78100,10300,13400,-8000,-3500,-3000,6000,1900,16.8852459,18.79382889,-9.445100354,-4.563233377,-4.098360656,8.547008547,2.49343832
935,308,163000,169900,169500,174100,177900,186800,192200,199600,6900,-400,4600,3800,8900,5400,7400,4.233128834,-0.235432607,2.713864307,2.182653647,5.002810568,2.890792291,3.850156087
936,1306,120700,121900,118300,121300,125100,130500,137600,148900,1200,-3600,3000,3800,5400,7100,11300,0.994200497,-2.953240361,2.535925613,3.132728772,4.316546763,5.440613027,8.212209302
937,1187,203100,203200,195800,197200,206700,214100,226700,248500,100,-7400,1400,9500,7400,12600,21800,0.049236829,-3.641732283,0.715015322,4.817444219,3.580067731,5.88510042,9.616232907
938,1516,140900,138600,137400,153000,157200,155800,156500,152800,-2300,-1200,15600,4200,-1400,700,-3700,-1.632363378,-0.865800866,11.35371179,2.745098039,-0.890585242,0.449293967,-2.364217252
939,2690,68000,81100,87200,83400,86100,83700,71600,78300,13100,6100,-3800,2700,-2400,-12100,6700,19.26470588,7.521578298,-4.357798165,3.237410072,-2.787456446,-14.45639188,9.357541899
940,1885,76000,76500,72700,73400,76300,76800,77300,77900,500,-3800,700,2900,500,500,600,0.657894737,-4.967320261,0.962861073,3.950953678,0.655307995,0.651041667,0.776196636
941,276,124500,121100,122700,123600,124700,128100,136800,158400,-3400,1600,900,1100,3400,8700,21600,-2.730923695,1.32122213,0.733496333,0.889967638,2.726543705,6.791569087,15.78947368
942,2388,205300,202600,200900,206300,210700,218800,229000,234200,-2700,-1700,5400,4400,8100,10200,5200,-1.315148563,-0.839091807,2.68790443,2.132816287,3.844328429,4.66179159,2.270742358
943,241,141100,138200,133700,134500,136500,140600,149800,157700,-2900,-4500,800,2000,4100,9200,7900,-2.055279943,-3.256150507,0.598354525,1.486988848,3.003663004,6.543385491,5.273698264
944,1743,122800,109300,101000,107600,110000,112800,115600,116600,-13500,-8300,6600,2400,2800,2800,1000,-10.99348534,-7.593778591,6.534653465,2.230483271,2.545454545,2.482269504,0.865051903
945,1450,89300,105200,85800,87000,85200,77200,75300,92400,15900,-19400,1200,-1800,-8000,-1900,17100,17.80515118,-18.44106464,1.398601399,-2.068965517,-9.389671362,-2.461139896,22.70916335
946,2497,46700,44800,46000,47000,49900,53900,58100,61600,-1900,1200,1000,2900,4000,4200,3500,-4.068522484,2.678571429,2.173913043,6.170212766,8.016032064,7.792207792,6.024096386
947,428,198600,185700,172500,182800,176800,190800,211900,237500,-12900,-13200,10300,-6000,14000,21100,25600,-6.495468278,-7.108239095,5.971014493,-3.282275711,7.918552036,11.05870021,12.08117036
948,2870,147000,140300,136500,139900,148900,133400,142500,160400,-6700,-3800,3400,9000,-15500,9100,17900,-4.557823129,-2.708481825,2.490842491,6.433166548,-10.40967092,6.821589205,12.56140351
949,1720,304800,315200,322400,331800,335000,346600,358600,367200,10400,7200,9400,3200,11600,12000,8600,3.412073491,2.284263959,2.915632754,0.964436407,3.462686567,3.46220427,2.398215282
950,827,90100,83600,86600,93400,88600,90500,93100,98700,-6500,3000,6800,-4800,1900,2600,5600,-7.214206437,3.588516746,7.852193995,-5.139186296,2.144469526,2.872928177,6.015037594
951,852,127600,128600,124200,119400,124400,129000,133200,136600,1000,-4400,-4800,5000,4600,4200,3400,0.78369906,-3.421461897,-3.8647343,4.18760469,3.697749196,3.255813953,2.552552553
952,1239,115200,113300,107200,108500,113100,120200,129300,133800,-1900,-6100,1300,4600,7100,9100,4500,-1.649305556,-5.383936452,1.212686567,4.239631336,6.277630416,7.570715474,3.480278422
953,1901,69000,72600,63300,62500,69100,73100,77000,83200,3600,-9300,-800,6600,4000,3900,6200,5.217391304,-12.80991736,-1.263823065,10.56,5.788712012,5.335157319,8.051948052
954,974,132600,125900,121100,121300,126400,129300,132900,141300,-6700,-4800,200,5100,2900,3600,8400,-5.052790347,-3.812549643,0.165152766,4.204451772,2.294303797,2.784222738,6.320541761
955,221,88400,86900,86600,88800,87800,88400,96200,100500,-1500,-300,2200,-1000,600,7800,4300,-1.696832579,-0.345224396,2.540415704,-1.126126126,0.683371298,8.823529412,4.46985447
956,669,133300,127000,120300,135900,134500,135600,138200,143700,-6300,-6700,15600,-1400,1100,2600,5500,-4.726181545,-5.275590551,12.96758105,-1.030169242,0.817843866,1.91740413,3.979739508
957,1190,200400,188000,168400,164800,178600,184500,194200,206000,-12400,-19600,-3600,13800,5900,9700,11800,-6.18762475,-10.42553191,-2.137767221,8.373786408,3.303471445,5.257452575,6.076210093
958,2142,192700,182800,175900,181900,188600,191200,199800,185900,-9900,-6900,6000,6700,2600,8600,-13900,-5.13751946,-3.774617068,3.411028994,3.683342496,1.378579003,4.49790795,-6.956956957
959,1339,122200,116300,124200,126000,110200,115500,107600,113000,-5900,7900,1800,-15800,5300,-7900,5400,-4.828150573,6.7927773,1.449275362,-12.53968254,4.809437387,-6.83982684,5.018587361
960,2848,55800,55400,55200,57000,62000,65800,72500,76700,-400,-200,1800,5000,3800,6700,4200,-0.716845878,-0.36101083,3.260869565,8.771929825,6.129032258,10.18237082,5.793103448
961,483,392100,366600,358300,368500,438400,474200,488100,494000,-25500,-8300,10200,69900,35800,13900,5900,-6.503442999,-2.264048009,2.846776444,18.9687924,8.166058394,2.931252636,1.208768695
962,360,139500,134100,132600,130600,130600,136800,147500,169300,-5400,-1500,-2000,0,6200,10700,21800,-3.870967742,-1.118568233,-1.508295626,0,4.747320061,7.821637427,14.77966102
963,624,51800,49200,51200,51600,53500,53900,58200,62300,-2600,2000,400,1900,400,4300,4100,-5.019305019,4.06504065,0.78125,3.682170543,0.747663551,7.977736549,7.04467354
964,1501,221300,229500,234600,220800,224700,230800,232500,238100,8200,5100,-13800,3900,6100,1700,5600,3.705377316,2.222222222,-5.882352941,1.766304348,2.714730752,0.736568458,2.408602151
965,1337,203200,181700,174500,175800,189200,196100,204600,219300,-21500,-7200,1300,13400,6900,8500,14700,-10.58070866,-3.962575674,0.744985673,7.622298066,3.646934461,4.334523202,7.184750733
966,1689,245200,243200,240600,245200,259000,277900,295800,283100,-2000,-2600,4600,13800,18900,17900,-12700,-0.815660685,-1.069078947,1.911886949,5.628058728,7.297297297,6.441165887,-4.293441515
967,323,120900,124500,122500,124400,124100,127800,130500,134800,3600,-2000,1900,-300,3700,2700,4300,2.977667494,-1.606425703,1.551020408,-0.241157556,2.981466559,2.112676056,3.295019157
968,246,150500,139900,127200,127100,127500,134900,139800,149900,-10600,-12700,-100,400,7400,4900,10100,-7.043189369,-9.077912795,-0.078616352,0.314712825,5.803921569,3.632320237,7.224606581
969,252,178200,175100,164700,164900,165100,178300,178600,188600,-3100,-10400,200,200,13200,300,10000,-1.739618406,-5.939463164,0.121432908,0.121285628,7.995154452,0.168255749,5.599104143
970,922,195400,186800,175100,177500,176500,182200,183700,184200,-8600,-11700,2400,-1000,5700,1500,500,-4.40122825,-6.263383298,1.370645346,-0.563380282,3.229461756,0.823271131,0.272182907
971,1184,117000,111700,108100,112600,123700,132400,145900,161200,-5300,-3600,4500,11100,8700,13500,15300,-4.52991453,-3.222918532,4.162812211,9.857904085,7.033144705,10.19637462,10.48663468
972,247,189900,183200,165500,167600,170900,177800,192100,208700,-6700,-17700,2100,3300,6900,14300,16600,-3.528172722,-9.661572052,1.268882175,1.968973747,4.0374488,8.042744657,8.641332639
973,260,126800,123600,122500,122900,124100,124800,130500,139600,-3200,-1100,400,1200,700,5700,9100,-2.523659306,-0.889967638,0.326530612,0.97640358,0.564061241,4.567307692,6.973180077
974,44,139700,132000,122600,135100,158000,170800,181800,190900,-7700,-9400,12500,22900,12800,11000,9100,-5.511811024,-7.121212121,10.19575856,16.95040711,8.101265823,6.44028103,5.00550055
975,1532,152500,150300,149000,152100,160200,170500,174500,176200,-2200,-1300,3100,8100,10300,4000,1700,-1.442622951,-0.864936793,2.080536913,5.325443787,6.429463171,2.346041056,0.974212034
976,518,103500,100800,99000,98400,101700,104100,104300,108100,-2700,-1800,-600,3300,2400,200,3800,-2.608695652,-1.785714286,-0.606060606,3.353658537,2.359882006,0.192122959,3.643336529
977,2313,225100,229700,228200,230400,236600,243300,256600,265600,4600,-1500,2200,6200,6700,13300,9000,2.043536206,-0.653025686,0.964066608,2.690972222,2.831783601,5.466502261,3.507404521
978,917,120000,118300,118900,119300,115100,116200,121800,130000,-1700,600,400,-4200,1100,5600,8200,-1.416666667,0.507185123,0.336417157,-3.520536463,0.955690704,4.819277108,6.732348112
979,2630,62900,55300,56900,58600,58900,61400,62600,64400,-7600,1600,1700,300,2500,1200,1800,-12.08267091,2.893309222,2.987697715,0.511945392,4.244482173,1.954397394,2.875399361
980,866,235100,232800,227600,231900,237700,248500,244600,245600,-2300,-5200,4300,5800,10800,-3900,1000,-0.978307103,-2.233676976,1.889279438,2.501078051,4.54354228,-1.569416499,0.408830744
981,978,184200,173500,161300,161700,166400,167000,169200,172900,-10700,-12200,400,4700,600,2200,3700,-5.808903366,-7.031700288,0.247985121,2.906617192,0.360576923,1.317365269,2.186761229
982,11,346500,322300,308700,330100,370700,403900,456100,528600,-24200,-13600,21400,40600,33200,52200,72500,-6.984126984,-4.219671114,6.932296728,12.29930324,8.956029134,12.92399109,15.89563692
983,998,90200,92000,95100,99100,97800,100600,107100,122500,1800,3100,4000,-1300,2800,6500,15400,1.99556541,3.369565217,4.206098843,-1.311806256,2.862985685,6.461232604,14.37908497
984,274,155600,144500,133900,136300,154900,164300,171100,184400,-11100,-10600,2400,18600,9400,6800,13300,-7.133676093,-7.335640138,1.792382375,13.64636831,6.068431246,4.138770542,7.773232028
985,5,474100,454200,483600,496700,542700,599300,648000,693900,-19900,29400,13100,46000,56600,48700,45900,-4.197426703,6.472919419,2.708850289,9.261123415,10.42933481,8.126147172,7.083333333
986,176,252900,247900,233000,228800,245500,247900,276400,325500,-5000,-14900,-4200,16700,2400,28500,49100,-1.977066034,-6.0104881,-1.802575107,7.298951049,0.977596741,11.4965712,17.76410999
987,687,214800,207200,198200,193800,211200,220900,228800,239200,-7600,-9000,-4400,17400,9700,7900,10400,-3.538175047,-4.343629344,-2.219979818,8.978328173,4.59280303,3.576278859,4.545454545
988,489,140900,124800,117000,120100,125300,126400,134600,146300,-16100,-7800,3100,5200,1100,8200,11700,-11.42654365,-6.25,2.64957265,4.329725229,0.877893057,6.487341772,8.692421991
989,2026,79100,78400,77800,80000,84700,91100,98300,104500,-700,-600,2200,4700,6400,7200,6200,-0.884955752,-0.765306122,2.827763496,5.875,7.556080283,7.903402854,6.307222787
990,1862,161000,168300,159000,152500,149600,145000,149000,181300,7300,-9300,-6500,-2900,-4600,4000,32300,4.534161491,-5.525846702,-4.088050314,-1.901639344,-3.07486631,2.75862069,21.67785235
991,1513,63300,59300,59100,61400,62600,64700,64600,65800,-4000,-200,2300,1200,2100,-100,1200,-6.319115324,-0.337268128,3.891708968,1.954397394,3.354632588,-0.154559505,1.857585139
992,705,53800,51000,49000,49300,52900,64300,66400,69500,-2800,-2000,300,3600,11400,2100,3100,-5.204460967,-3.921568627,0.612244898,7.302231237,21.55009452,3.265940902,4.668674699
993,696,194600,185700,184400,183800,186500,190900,197500,209500,-8900,-1300,-600,2700,4400,6600,12000,-4.57348407,-0.70005385,-0.32537961,1.46898803,2.35924933,3.457307491,6.075949367
994,522,86800,87300,81400,80400,81500,92900,122700,127500,500,-5900,-1000,1100,11400,29800,4800,0.576036866,-6.758304696,-1.228501229,1.368159204,13.98773006,32.07750269,3.91198044
995,111,141500,136900,130900,130700,137100,142000,146800,155100,-4600,-6000,-200,6400,4900,4800,8300,-3.250883392,-4.38276114,-0.152788388,4.896710023,3.574033552,3.38028169,5.653950954
996,2524,260800,266100,266500,274700,284900,296000,310800,322000,5300,400,8200,10200,11100,14800,11200,2.032208589,0.150319429,3.076923077,3.713141609,3.896103896,5,3.603603604
997,2525,78400,74200,76800,77700,73200,76400,80000,83700,-4200,2600,900,-4500,3200,3600,3700,-5.357142857,3.504043127,1.171875,-5.791505792,4.371584699,4.712041885,4.625
998,1307,210500,205900,186200,186700,196400,205400,217300,245900,-4600,-19700,500,9700,9000,11900,28600,-2.185273159,-9.567751336,0.268528464,5.195500803,4.582484725,5.793573515,13.16152784
999,1411,131400,131100,131300,138500,130200,124300,134000,140700,-300,200,7200,-8300,-5900,9700,6700,-0.228310502,0.152555301,5.483625286,-5.992779783,-4.531490015,7.803700724,5
1000,339,133700,134500,132600,131900,139800,143400,146900,154900,800,-1900,-700,7900,3600,3500,8000,0.598354525,-1.412639405,-0.527903469,5.989385898,2.575107296,2.440725244,5.445881552
1001,918,120400,99200,101068,107210,120084,129508,128600,132427,-21200,1868,6142,12874,9424,-908,3827,-17.60797342,1.883064516,6.077096608,12.00820819,7.847839845,-0.701114989,2.975894246
1002,583,321900,311100,283100,297300,310400,329900,355900,367500,-10800,-28000,14200,13100,19500,26000,11600,-3.355079217,-9.00032144,5.015895443,4.406323579,6.282216495,7.881176114,3.259342512
1003,1342,121600,121100,120200,120200,110600,113700,113600,117100,-500,-900,0,-9600,3100,-100,3500,-0.411184211,-0.743187448,0,-7.986688852,2.802893309,-0.087950748,3.080985915
1004,1338,106000,100500,93600,94600,92400,94600,89100,93000,-5500,-6900,1000,-2200,2200,-5500,3900,-5.188679245,-6.865671642,1.068376068,-2.325581395,2.380952381,-5.813953488,4.377104377
1005,2701,72000,72000,60200,63300,67200,71500,75400,78000,0,-11800,3100,3900,4300,3900,2600,0,-16.38888889,5.149501661,6.161137441,6.398809524,5.454545455,3.448275862
1006,197,118800,118700,116200,110900,114300,104200,114300,107300,-100,-2500,-5300,3400,-10100,10100,-7000,-0.084175084,-2.106149958,-4.561101549,3.065825068,-8.836395451,9.692898273,-6.124234471
1007,1663,106300,103100,101000,102200,103400,109100,113700,120300,-3200,-2100,1200,1200,5700,4600,6600,-3.010348071,-2.03685742,1.188118812,1.174168297,5.512572534,4.216315307,5.80474934
1008,1247,150600,150500,145400,152000,150900,155300,161000,164100,-100,-5100,6600,-1100,4400,5700,3100,-0.066401062,-3.388704319,4.539202201,-0.723684211,2.915838304,3.670315518,1.925465839
1009,1548,164900,163300,163400,162000,161400,170700,189900,198600,-1600,100,-1400,-600,9300,19200,8700,-0.970285021,0.061236987,-0.856793146,-0.37037037,5.762081784,11.24780316,4.58135861
1010,1370,141500,106500,103900,104800,107400,111700,116400,118600,-35000,-2600,900,2600,4300,4700,2200,-24.73498233,-2.441314554,0.866217517,2.480916031,4.003724395,4.207699194,1.890034364
1011,1640,134000,131800,127400,129700,130800,135900,141700,146300,-2200,-4400,2300,1100,5100,5800,4600,-1.641791045,-3.338391502,1.80533752,0.848111025,3.899082569,4.267844003,3.246294989
1012,499,151700,146800,118700,138500,149300,164800,188300,209600,-4900,-28100,19800,10800,15500,23500,21300,-3.230059328,-19.14168937,16.68070767,7.797833935,10.38178165,14.25970874,11.31173659
1013,2466,168100,159600,145600,150300,160900,163500,180700,201100,-8500,-14000,4700,10600,2600,17200,20400,-5.05651398,-8.771929825,3.228021978,7.052561544,1.615910503,10.51987768,11.28942999
1014,1218,135700,129400,117500,127000,142200,156400,164300,179800,-6300,-11900,9500,15200,14200,7900,15500,-4.642593957,-9.196290572,8.085106383,11.96850394,9.985935302,5.051150895,9.433962264
1015,1177,220400,204500,183600,177700,189100,205200,215200,224200,-15900,-20900,-5900,11400,16100,10000,9000,-7.21415608,-10.2200489,-3.213507625,6.415306697,8.514013749,4.873294347,4.182156134
1016,95,124100,129000,111300,118700,108800,118200,122000,129000,4900,-17700,7400,-9900,9400,3800,7000,3.948428687,-13.72093023,6.648697215,-8.340353833,8.639705882,3.214890017,5.737704918
1017,1061,128700,131900,123700,130500,129300,130600,139900,149600,3200,-8200,6800,-1200,1300,9300,9700,2.486402486,-6.216830933,5.497170574,-0.91954023,1.005413766,7.120980092,6.933523946
1018,1741,220000,206100,202100,206800,213400,221500,227400,240300,-13900,-4000,4700,6600,8100,5900,12900,-6.318181818,-1.940805434,2.325581395,3.191489362,3.795688847,2.663656885,5.672823219
1019,187,130500,127100,120700,123100,123500,124800,128000,134400,-3400,-6400,2400,400,1300,3200,6400,-2.605363985,-5.035405193,1.988400994,0.324939074,1.052631579,2.564102564,5
1020,1884,105300,94500,75200,75500,82000,87700,90700,98100,-10800,-19300,300,6500,5700,3000,7400,-10.25641026,-20.42328042,0.39893617,8.609271523,6.951219512,3.420752566,8.15876516
1021,1498,151100,164400,166900,165400,158600,160200,161300,170100,13300,2500,-1500,-6800,1600,1100,8800,8.802117803,1.520681265,-0.898741762,-4.111245466,1.008827238,0.686641698,5.45567266
1022,858,206100,200500,196100,199300,200800,203200,206200,212000,-5600,-4400,3200,1500,2400,3000,5800,-2.717127608,-2.194513716,1.6318205,0.75263422,1.195219124,1.476377953,2.812803104
1023,1870,105100,105500,104500,109200,117800,123700,133300,145100,400,-1000,4700,8600,5900,9600,11800,0.380589914,-0.947867299,4.497607656,7.875457875,5.008488964,7.760711399,8.852213053
1024,159,133700,132400,130900,135600,138500,144000,152700,162000,-1300,-1500,4700,2900,5500,8700,9300,-0.972326103,-1.132930514,3.59052712,2.138643068,3.971119134,6.041666667,6.090373281
1025,88,181300,174800,169700,169500,171300,175100,181700,187500,-6500,-5100,-200,1800,3800,6600,5800,-3.585217871,-2.917620137,-0.117855038,1.061946903,2.218330414,3.7692747,3.192074849
1026,449,126300,123000,109800,107400,115000,119500,128100,138800,-3300,-13200,-2400,7600,4500,8600,10700,-2.612826603,-10.73170732,-2.18579235,7.076350093,3.913043478,7.19665272,8.352849336
1027,1050,237100,208300,211400,209800,207700,214000,206800,209700,-28800,3100,-1600,-2100,6300,-7200,2900,-12.14677351,1.488238118,-0.756859035,-1.000953289,3.033220992,-3.364485981,1.402321083
1028,133,208400,188900,178200,179100,193700,210800,225100,246500,-19500,-10700,900,14600,17100,14300,21400,-9.357005758,-5.664372684,0.505050505,8.151870463,8.828084667,6.783681214,9.506885829
1029,1994,84600,81700,71300,71700,68500,77200,87500,97400,-2900,-10400,400,-3200,8700,10300,9900,-3.427895981,-12.72949816,0.561009818,-4.463040446,12.70072993,13.34196891,11.31428571
1030,1387,109100,102900,103000,110000,118300,127700,136700,147800,-6200,100,7000,8300,9400,9000,11100,-5.682859762,0.09718173,6.796116505,7.545454545,7.945900254,7.047768207,8.119970739
1031,1379,190400,191600,192800,196900,195800,198500,210700,218000,1200,1200,4100,-1100,2700,12200,7300,0.630252101,0.626304802,2.126556017,-0.558659218,1.378958121,6.146095718,3.464641671
1032,151,221700,221400,220700,227300,243900,267400,300300,334300,-300,-700,6600,16600,23500,32900,34000,-0.135317997,-0.316169828,2.990484821,7.303123625,9.635096351,12.30366492,11.32201132
1033,989,121000,110700,111600,113000,108100,118000,119600,126900,-10300,900,1400,-4900,9900,1600,7300,-8.512396694,0.81300813,1.254480287,-4.336283186,9.158186864,1.355932203,6.10367893
1034,745,154200,128300,114800,113500,111800,115200,138900,151500,-25900,-13500,-1300,-1700,3400,23700,12600,-16.79636835,-10.52221356,-1.132404181,-1.497797357,3.041144902,20.57291667,9.071274298
1035,1638,174800,163200,160900,170000,181600,193300,208900,226200,-11600,-2300,9100,11600,11700,15600,17300,-6.636155606,-1.409313725,5.655686762,6.823529412,6.442731278,8.070356958,8.28147439
1036,1054,49600,49800,49400,52100,59100,56300,67700,80300,200,-400,2700,7000,-2800,11400,12600,0.403225806,-0.803212851,5.465587045,13.43570058,-4.737732657,20.24866785,18.61152142
1037,397,102900,100300,98000,96100,92500,109100,100800,106200,-2600,-2300,-1900,-3600,16600,-8300,5400,-2.526724976,-2.293120638,-1.93877551,-3.746097815,17.94594595,-7.607699358,5.357142857
1038,2482,59300,54700,54000,56900,56000,57600,59300,59800,-4600,-700,2900,-900,1600,1700,500,-7.757166948,-1.279707495,5.37037037,-1.58172232,2.857142857,2.951388889,0.84317032
1039,1980,89700,92100,90100,89100,90800,91000,93900,96400,2400,-2000,-1000,1700,200,2900,2500,2.675585284,-2.17155266,-1.109877913,1.907968575,0.220264317,3.186813187,2.662406816
1040,1539,85100,80000,82400,77000,80400,84600,88400,88300,-5100,2400,-5400,3400,4200,3800,-100,-5.992949471,3,-6.553398058,4.415584416,5.223880597,4.491725768,-0.113122172
1041,486,81500,79500,77400,76400,76800,80600,85500,90500,-2000,-2100,-1000,400,3800,4900,5000,-2.45398773,-2.641509434,-1.291989664,0.523560209,4.947916667,6.079404467,5.847953216
1042,2249,71600,71800,71600,73700,78100,83000,88500,97000,200,-200,2100,4400,4900,5500,8500,0.279329609,-0.278551532,2.932960894,5.970149254,6.274007682,6.626506024,9.604519774
1043,1557,72600,69800,68300,68200,68300,70200,71200,74200,-2800,-1500,-100,100,1900,1000,3000,-3.856749311,-2.148997135,-0.146412884,0.146627566,2.781844802,1.424501425,4.213483146
1044,1627,78300,77400,74500,73000,74000,78500,81500,88200,-900,-2900,-1500,1000,4500,3000,6700,-1.149425287,-3.746770026,-2.013422819,1.369863014,6.081081081,3.821656051,8.220858896
1045,2703,86700,92100,82400,81300,84300,86300,91700,98000,5400,-9700,-1100,3000,2000,5400,6300,6.228373702,-10.5320304,-1.334951456,3.6900369,2.372479241,6.257242178,6.870229008
1046,511,80400,76700,77700,82200,78600,78400,80200,79900,-3700,1000,4500,-3600,-200,1800,-300,-4.60199005,1.303780965,5.791505792,-4.379562044,-0.254452926,2.295918367,-0.374064838
1047,401,81900,80000,78400,78800,83900,80200,85500,85700,-1900,-1600,400,5100,-3700,5300,200,-2.31990232,-2,0.510204082,6.472081218,-4.410011919,6.608478803,0.233918129
1048,1814,166565,164622,160863,172060,168906,180751,196931,202430,-1943,-3759,11197,-3154,11845,16180,5499,-1.166511572,-2.28341291,6.960581364,-1.833081483,7.012776337,8.95154107,2.792348589
1049,1598,72900,69800,71800,73300,74100,77000,78800,85200,-3100,2000,1500,800,2900,1800,6400,-4.252400549,2.865329513,2.08913649,1.091405184,3.913630229,2.337662338,8.121827411
1050,817,133200,135400,136200,140200,147400,151400,157400,168700,2200,800,4000,7200,4000,6000,11300,1.651651652,0.59084195,2.936857562,5.135520685,2.713704206,3.963011889,7.179161372
1051,590,61200,62700,61500,63300,63200,62200,64500,68700,1500,-1200,1800,-100,-1000,2300,4200,2.450980392,-1.913875598,2.926829268,-0.157977883,-1.582278481,3.697749196,6.511627907
1052,2165,114000,106700,113900,113900,103700,99000,107200,109400,-7300,7200,0,-10200,-4700,8200,2200,-6.403508772,6.747891284,0,-8.955223881,-4.532304725,8.282828283,2.052238806
1053,1417,148100,147700,142700,141200,140700,144800,148800,156600,-400,-5000,-1500,-500,4100,4000,7800,-0.270087779,-3.385240352,-1.051156272,-0.354107649,2.914001421,2.762430939,5.241935484
1054,303,162500,161300,152400,153500,150700,149100,152300,153900,-1200,-8900,1100,-2800,-1600,3200,1600,-0.738461538,-5.51766894,0.721784777,-1.824104235,-1.061712011,2.146210597,1.050558109
1055,289,165000,162100,160600,156400,157100,158000,167500,171000,-2900,-1500,-4200,700,900,9500,3500,-1.757575758,-0.925354719,-2.615193026,0.447570332,0.572883514,6.012658228,2.089552239
1056,2590,39000,36500,46600,52300,41400,40500,44900,54400,-2500,10100,5700,-10900,-900,4400,9500,-6.41025641,27.67123288,12.23175966,-20.84130019,-2.173913043,10.86419753,21.15812918
1057,1183,134600,128900,128300,140700,158700,173000,197100,216700,-5700,-600,12400,18000,14300,24100,19600,-4.234769688,-0.465477114,9.664848012,12.79317697,9.010712035,13.93063584,9.944190766
1058,1750,141800,134800,136900,141800,141300,139900,137400,136900,-7000,2100,4900,-500,-1400,-2500,-500,-4.936530324,1.557863501,3.579254931,-0.352609309,-0.990799717,-1.786990708,-0.363901019
1059,739,74500,73900,70000,70300,71400,73100,76800,77800,-600,-3900,300,1100,1700,3700,1000,-0.805369128,-5.277401894,0.428571429,1.564722617,2.380952381,5.061559508,1.302083333
1060,1395,126800,122200,126700,138200,125700,121300,123100,120800,-4600,4500,11500,-12500,-4400,1800,-2300,-3.627760252,3.682487725,9.0765588,-9.044862518,-3.500397772,1.483924155,-1.868399675
1061,541,109500,109700,105100,103600,100500,102400,105400,108900,200,-4600,-1500,-3100,1900,3000,3500,0.182648402,-4.19325433,-1.427212179,-2.992277992,1.890547264,2.9296875,3.320683112
1062,2505,101300,98600,96200,96600,102000,108200,116000,124800,-2700,-2400,400,5400,6200,7800,8800,-2.665350444,-2.434077079,0.415800416,5.590062112,6.078431373,7.208872458,7.586206897
1063,136,183100,177900,167600,164200,165200,166000,166900,175100,-5200,-10300,-3400,1000,800,900,8200,-2.839978154,-5.789769533,-2.028639618,0.609013398,0.484261501,0.542168675,4.91312163
1064,1974,145600,135400,133500,146400,155600,162700,177900,186000,-10200,-1900,12900,9200,7100,15200,8100,-7.005494505,-1.403249631,9.662921348,6.284153005,4.562982005,9.34234788,4.55311973
1065,1364,91400,97800,91400,90800,95400,92700,102700,106500,6400,-6400,-600,4600,-2700,10000,3800,7.002188184,-6.54396728,-0.656455142,5.066079295,-2.830188679,10.78748652,3.700097371
1066,533,97900,92800,88600,83800,84800,83600,80500,84900,-5100,-4200,-4800,1000,-1200,-3100,4400,-5.209397344,-4.525862069,-5.417607223,1.193317422,-1.41509434,-3.708133971,5.465838509
1067,1226,160800,146700,138800,138900,146100,149800,154100,160900,-14100,-7900,100,7200,3700,4300,6800,-8.768656716,-5.385139741,0.07204611,5.183585313,2.532511978,2.870493992,4.412719014
1068,2088,89000,85200,84400,85800,91900,97000,104000,112900,-3800,-800,1400,6100,5100,7000,8900,-4.269662921,-0.938967136,1.658767773,7.10955711,5.549510337,7.216494845,8.557692308
1069,1606,123589,88766,90504,91214,93216,96691,102054,108786,-34823,1738,710,2002,3475,5363,6732,-28.17645583,1.957956875,0.784495713,2.194838512,3.72790079,5.546534838,6.596507731
1070,1471,177000,175900,177000,182600,203500,205700,207500,216100,-1100,1100,5600,20900,2200,1800,8600,-0.621468927,0.625355316,3.163841808,11.44578313,1.081081081,0.875060768,4.144578313
1071,2713,89900,82800,82800,84900,90500,94500,99300,107900,-7100,0,2100,5600,4000,4800,8600,-7.897664071,0,2.536231884,6.595995289,4.419889503,5.079365079,8.660624371
1072,823,85400,86000,92000,95800,97600,101200,102000,105900,600,6000,3800,1800,3600,800,3900,0.702576112,6.976744186,4.130434783,1.878914405,3.68852459,0.790513834,3.823529412
1073,3094,60200,62000,58400,58000,62000,63200,67800,74000,1800,-3600,-400,4000,1200,4600,6200,2.990033223,-5.806451613,-0.684931507,6.896551724,1.935483871,7.278481013,9.144542773
1074,453,163900,155900,143600,146800,153900,160100,172800,177600,-8000,-12300,3200,7100,6200,12700,4800,-4.881025015,-7.889672867,2.228412256,4.836512262,4.028589994,7.932542161,2.777777778
1075,169,125900,122000,118700,118700,119600,118500,120100,128700,-3900,-3300,0,900,-1100,1600,8600,-3.097696585,-2.704918033,0,0.758213985,-0.919732441,1.35021097,7.160699417
1076,1470,120496,111424,112077,110493,109130,106150,109041,106418,-9072,653,-1584,-1363,-2980,2891,-2623,-7.528880627,0.586049684,-1.413314061,-1.233562307,-2.73068817,2.723504475,-2.405517191
1077,245,130000,129900,123700,127700,171000,235300,203900,147700,-100,-6200,4000,43300,64300,-31400,-56200,-0.076923077,-4.772902232,3.233629749,33.90759593,37.60233918,-13.34466638,-27.56253065
1078,1397,138000,141000,132700,134600,133900,134900,137300,144600,3000,-8300,1900,-700,1000,2400,7300,2.173913043,-5.886524823,1.431801055,-0.520059435,0.74682599,1.779095626,5.316824472
1079,1822,67700,67200,66600,68400,72700,78000,82900,86500,-500,-600,1800,4300,5300,4900,3600,-0.738552437,-0.892857143,2.702702703,6.286549708,7.290233838,6.282051282,4.342581423
1080,2621,59200,52400,62700,79800,71400,87000,93300,94500,-6800,10300,17100,-8400,15600,6300,1200,-11.48648649,19.65648855,27.27272727,-10.52631579,21.8487395,7.24137931,1.286173633
1081,1805,75361,75680,73324,81870,83363,83535,81916,86080,319,-2356,8546,1493,172,-1619,4164,0.423295869,-3.113107822,11.65511974,1.823622817,0.206326548,-1.938109774,5.083256018
1082,2169,125400,124600,126600,136700,141400,146400,154800,153900,-800,2000,10100,4700,5000,8400,-900,-0.637958533,1.605136437,7.977883096,3.438185808,3.536067893,5.737704918,-0.581395349
1083,750,186541,190431,186125,186520,179747,185877,187852,188712,3890,-4306,395,-6773,6130,1975,860,2.085332447,-2.261186466,0.212222968,-3.631245979,3.410348991,1.062530598,0.45780721
1084,571,136100,132100,129000,127300,128900,135700,140000,149800,-4000,-3100,-1700,1600,6800,4300,9800,-2.93901543,-2.34670704,-1.317829457,1.256873527,5.275407292,3.168754606,7
1085,2694,97300,99800,98100,97700,96700,99700,106400,117900,2500,-1700,-400,-1000,3000,6700,11500,2.569373073,-1.703406814,-0.407747197,-1.023541453,3.10237849,6.720160481,10.80827068
1086,1869,134100,128800,128400,132500,137800,142300,143800,150100,-5300,-400,4100,5300,4500,1500,6300,-3.952274422,-0.310559006,3.193146417,4,3.265602322,1.054111033,4.38108484
1087,440,138648,134534,135613,134648,141853,152234,156575,166098,-4114,1079,-965,7205,10381,4341,9523,-2.967226357,0.80202774,-0.711583698,5.350989246,7.3181392,2.851531195,6.082069296
1088,734,105200,113100,114100,113600,122400,122000,132100,137400,7900,1000,-500,8800,-400,10100,5300,7.509505703,0.884173298,-0.438212095,7.746478873,-0.326797386,8.278688525,4.012112036
1089,1859,169400,162800,161600,161600,161900,166000,168600,174300,-6600,-1200,0,300,4100,2600,5700,-3.896103896,-0.737100737,0,0.185643564,2.532427424,1.56626506,3.380782918
1090,753,67300,65000,64200,63900,63700,64100,65400,71300,-2300,-800,-300,-200,400,1300,5900,-3.417533432,-1.230769231,-0.46728972,-0.312989045,0.627943485,2.028081123,9.021406728
1091,628,222000,207300,190800,193000,191700,202600,217600,233400,-14700,-16500,2200,-1300,10900,15000,15800,-6.621621622,-7.959479016,1.153039832,-0.67357513,5.685967658,7.403751234,7.261029412
1092,1691,87100,85600,84200,81500,83400,85400,89600,89500,-1500,-1400,-2700,1900,2000,4200,-100,-1.722158439,-1.635514019,-3.206650831,2.331288344,2.398081535,4.918032787,-0.111607143
1093,803,101500,104500,100400,93300,95200,100500,103700,113700,3000,-4100,-7100,1900,5300,3200,10000,2.955665025,-3.923444976,-7.071713147,2.036441586,5.567226891,3.184079602,9.643201543
1094,1889,181400,179700,181600,184200,187700,194500,200800,209900,-1700,1900,2600,3500,6800,6300,9100,-0.937155458,1.057317752,1.431718062,1.900108578,3.622802344,3.23907455,4.53187251
1095,1249,129300,127300,126600,127600,128700,131700,134400,139400,-2000,-700,1000,1100,3000,2700,5000,-1.54679041,-0.549882168,0.789889415,0.862068966,2.331002331,2.050113895,3.720238095
1096,2133,74400,72100,71200,71600,71300,58800,63300,67200,-2300,-900,400,-300,-12500,4500,3900,-3.091397849,-1.248266297,0.561797753,-0.418994413,-17.5315568,7.653061224,6.161137441
1097,332,160200,147300,142400,141100,154600,157600,173700,194500,-12900,-4900,-1300,13500,3000,16100,20800,-8.052434457,-3.326544467,-0.912921348,9.567682495,1.940491591,10.21573604,11.97466897
1098,222,263500,251500,246900,227000,242700,240100,237900,246900,-12000,-4600,-19900,15700,-2600,-2200,9000,-4.554079696,-1.829025845,-8.059943297,6.916299559,-1.071281417,-0.916284881,3.783102144
1099,2337,80700,80100,80800,83300,90200,98700,117700,130900,-600,700,2500,6900,8500,19000,13200,-0.743494424,0.873907615,3.094059406,8.283313325,9.423503326,19.25025329,11.21495327
1100,1984,89500,85800,83500,82700,78600,79400,81600,84800,-3700,-2300,-800,-4100,800,2200,3200,-4.134078212,-2.680652681,-0.958083832,-4.957678356,1.017811705,2.770780856,3.921568627
1101,1324,144500,140000,135700,140900,140600,144900,143000,149100,-4500,-4300,5200,-300,4300,-1900,6100,-3.114186851,-3.071428571,3.831982314,-0.212916962,3.058321479,-1.311249137,4.265734266
1102,1266,144900,146200,144400,158400,176400,195900,210300,225400,1300,-1800,14000,18000,19500,14400,15100,0.897170462,-1.23119015,9.695290859,11.36363636,11.05442177,7.350689127,7.180218735
1103,2098,78700,77400,76800,77100,80000,83600,87700,93100,-1300,-600,300,2900,3600,4100,5400,-1.65184244,-0.775193798,0.390625,3.761348898,4.5,4.90430622,6.157354618
1104,495,111600,113200,114200,114700,116600,121000,119300,124300,1600,1000,500,1900,4400,-1700,5000,1.433691756,0.883392226,0.437828371,1.656495205,3.773584906,-1.404958678,4.191114837
1105,1871,171000,166900,165300,169600,179300,191200,204100,210600,-4100,-1600,4300,9700,11900,12900,6500,-2.397660819,-0.958657879,2.601330913,5.719339623,6.636921361,6.746861925,3.184713376
1106,878,98100,94400,91500,93600,97400,107100,111000,115100,-3700,-2900,2100,3800,9700,3900,4100,-3.77166157,-3.072033898,2.295081967,4.05982906,9.958932238,3.641456583,3.693693694
1107,1727,67700,75900,73900,69000,72100,73000,74000,76000,8200,-2000,-4900,3100,900,1000,2000,12.11225997,-2.635046113,-6.630581867,4.492753623,1.248266297,1.369863014,2.702702703
1108,632,96400,93500,88900,93100,101000,102300,101900,105400,-2900,-4600,4200,7900,1300,-400,3500,-3.008298755,-4.919786096,4.724409449,8.485499463,1.287128713,-0.391006843,3.434739941
1109,675,127700,129000,129500,130100,131700,127300,137300,144700,1300,500,600,1600,-4400,10000,7400,1.018010963,0.387596899,0.463320463,1.229823213,-3.340926348,7.855459544,5.389657684
1110,1936,136000,126800,119800,118500,125800,139700,141700,136900,-9200,-7000,-1300,7300,13900,2000,-4800,-6.764705882,-5.520504732,-1.085141903,6.160337553,11.04928458,1.431639227,-3.38743825
1111,480,108900,112300,109000,115500,116400,117000,126400,125200,3400,-3300,6500,900,600,9400,-1200,3.122130395,-2.938557435,5.963302752,0.779220779,0.515463918,8.034188034,-0.949367089
1112,150,118300,114100,106700,111800,111000,114500,117300,126100,-4200,-7400,5100,-800,3500,2800,8800,-3.550295858,-6.485539001,4.779756326,-0.715563506,3.153153153,2.445414847,7.502131287
1113,2261,265500,254900,247200,248100,247800,252200,251600,257400,-10600,-7700,900,-300,4400,-600,5800,-3.992467043,-3.020792468,0.36407767,-0.120918984,1.775625504,-0.237906423,2.305246423
1114,1,391300,379900,352200,377900,443100,469100,508300,549400,-11400,-27700,25700,65200,26000,39200,41100,-2.913365704,-7.291392472,7.296990346,17.2532416,5.867749944,8.356427201,8.085776116
1115,608,152000,149100,145000,148500,151200,156500,163100,174000,-2900,-4100,3500,2700,5300,6600,10900,-1.907894737,-2.749832327,2.413793103,1.818181818,3.505291005,4.217252396,6.683016554
1116,146,384400,389500,392300,407800,436200,442000,442000,460800,5100,2800,15500,28400,5800,0,18800,1.326742976,0.718870347,3.951057864,6.964198136,1.329665291,0,4.253393665
1117,762,186700,177800,171400,175800,177800,183100,187700,190900,-8900,-6400,4400,2000,5300,4600,3200,-4.767005892,-3.599550056,2.567094516,1.137656428,2.98087739,2.512288367,1.704848162
1118,1350,129800,127200,120500,119700,118200,120200,118300,117400,-2600,-6700,-800,-1500,2000,-1900,-900,-2.003081664,-5.267295597,-0.663900415,-1.253132832,1.692047377,-1.580698835,-0.760777684
1119,1481,99100,98800,104200,107200,106700,115700,123100,125700,-300,5400,3000,-500,9000,7400,2600,-0.302724521,5.465587045,2.879078695,-0.46641791,8.434864105,6.39585134,2.112103981
1120,1224,96800,95300,94500,95600,101000,106800,113800,123600,-1500,-800,1100,5400,5800,7000,9800,-1.549586777,-0.839454355,1.164021164,5.648535565,5.742574257,6.554307116,8.611599297
1121,2755,69400,73700,71700,69500,80000,84200,76000,74600,4300,-2000,-2200,10500,4200,-8200,-1400,6.195965418,-2.713704206,-3.068340307,15.10791367,5.25,-9.73871734,-1.842105263
1122,107,87300,80500,74200,77800,77700,81600,82700,88400,-6800,-6300,3600,-100,3900,1100,5700,-7.789232532,-7.826086957,4.851752022,-0.128534704,5.019305019,1.348039216,6.892382104
1123,1730,161200,148100,138100,140100,151800,159400,170600,178900,-13100,-10000,2000,11700,7600,11200,8300,-8.126550868,-6.752194463,1.448225923,8.35117773,5.006587615,7.026348808,4.865181712
1124,141,97800,97500,87100,87300,85100,88800,92600,91700,-300,-10400,200,-2200,3700,3800,-900,-0.306748466,-10.66666667,0.229621125,-2.520045819,4.347826087,4.279279279,-0.971922246
1125,335,110400,115100,119800,131800,129200,134100,134700,136600,4700,4700,12000,-2600,4900,600,1900,4.257246377,4.083405734,10.01669449,-1.972685888,3.792569659,0.447427293,1.410541945
1126,452,122000,117500,115100,116000,120200,120100,124800,126800,-4500,-2400,900,4200,-100,4700,2000,-3.68852459,-2.042553191,0.781928758,3.620689655,-0.083194676,3.913405495,1.602564103
1127,1685,88700,85600,84600,83700,82500,83200,85200,86100,-3100,-1000,-900,-1200,700,2000,900,-3.494926719,-1.168224299,-1.063829787,-1.433691756,0.848484848,2.403846154,1.056338028
1128,2485,107798,111439,103300,103700,110800,107500,121300,125400,3641,-8139,400,7100,-3300,13800,4100,3.377613685,-7.303547232,0.387221684,6.846673095,-2.97833935,12.8372093,3.380049464
1129,578,136800,118900,97800,102700,144000,153000,175400,198500,-17900,-21100,4900,41300,9000,22400,23100,-13.08479532,-17.74600505,5.010224949,40.21421616,6.25,14.64052288,13.16989738
1130,1173,100300,92300,84500,92700,113800,126700,135900,147300,-8000,-7800,8200,21100,12900,9200,11400,-7.976071785,-8.450704225,9.704142012,22.76159655,11.33567663,7.26124704,8.388520971
1131,2292,75300,57300,51700,51500,49000,50000,50800,63900,-18000,-5600,-200,-2500,1000,800,13100,-23.90438247,-9.773123909,-0.386847195,-4.854368932,2.040816327,1.6,25.78740157
1132,1345,121900,98600,79400,76800,73500,73200,73000,69900,-23300,-19200,-2600,-3300,-300,-200,-3100,-19.11402789,-19.47261663,-3.274559194,-4.296875,-0.408163265,-0.273224044,-4.246575342
1133,2096,85900,83800,85500,87600,87700,96900,100200,99700,-2100,1700,2100,100,9200,3300,-500,-2.444703143,2.028639618,2.456140351,0.114155251,10.49030787,3.405572755,-0.499001996
1134,755,164800,157200,152400,152300,153600,155200,158000,160900,-7600,-4800,-100,1300,1600,2800,2900,-4.611650485,-3.053435115,-0.065616798,0.853578464,1.041666667,1.804123711,1.835443038
1135,890,65500,66600,67600,67300,70300,73800,77600,89200,1100,1000,-300,3000,3500,3800,11600,1.679389313,1.501501502,-0.443786982,4.457652303,4.978662873,5.149051491,14.94845361
1136,1542,61800,61900,59200,61000,58600,59900,62000,64200,100,-2700,1800,-2400,1300,2100,2200,0.161812298,-4.36187399,3.040540541,-3.93442623,2.218430034,3.505843072,3.548387097
1137,277,140900,140700,134100,149000,167000,185300,193100,207400,-200,-6600,14900,18000,18300,7800,14300,-0.141944642,-4.690831557,11.11111111,12.08053691,10.95808383,4.209390178,7.405489384
1138,138,155300,154900,146500,145700,139500,144600,145900,151400,-400,-8400,-800,-6200,5100,1300,5500,-0.257566001,-5.422853454,-0.546075085,-4.255319149,3.655913978,0.899031812,3.769705278
1139,986,102000,95200,85100,85800,88500,92200,98800,101100,-6800,-10100,700,2700,3700,6600,2300,-6.666666667,-10.6092437,0.822561692,3.146853147,4.18079096,7.15835141,2.327935223
1140,2074,53474,53145,53654,47599,49642,52229,59654,66608,-329,509,-6055,2043,2587,7425,6954,-0.615252272,0.95775708,-11.2852723,4.292106977,5.211313001,14.21624002,11.65722332
1141,1754,110400,105000,93800,93100,98700,104600,111200,115400,-5400,-11200,-700,5600,5900,6600,4200,-4.891304348,-10.66666667,-0.746268657,6.015037594,5.977710233,6.309751434,3.776978417
1142,987,123400,135300,131400,135600,142600,147700,157800,167800,11900,-3900,4200,7000,5100,10100,10000,9.643435981,-2.88248337,3.196347032,5.162241888,3.576437588,6.838185511,6.337135615
1143,1637,158300,146900,144600,151000,160600,181800,187900,200800,-11400,-2300,6400,9600,21200,6100,12900,-7.201516109,-1.565690946,4.426002766,6.357615894,13.20049813,3.355335534,6.865353912
1144,1230,112000,110100,106600,101800,99100,99800,103500,107300,-1900,-3500,-4800,-2700,700,3700,3800,-1.696428571,-3.178928247,-4.502814259,-2.652259332,0.706357215,3.70741483,3.671497585
1145,1317,75800,76300,70400,73800,68300,68300,65000,75400,500,-5900,3400,-5500,0,-3300,10400,0.659630607,-7.732634338,4.829545455,-7.452574526,0,-4.831625183,16
1146,426,130700,129400,129700,127100,128000,128200,131100,141500,-1300,300,-2600,900,200,2900,10400,-0.994644223,0.231839258,-2.00462606,0.708103855,0.15625,2.262090484,7.932875667
1147,2704,45600,42700,41500,39300,42400,43200,44300,45300,-2900,-1200,-2200,3100,800,1100,1000,-6.359649123,-2.81030445,-5.301204819,7.888040712,1.886792453,2.546296296,2.257336343
1148,1952,67400,67500,67100,67300,67000,69600,71300,74000,100,-400,200,-300,2600,1700,2700,0.148367953,-0.592592593,0.298062593,-0.44576523,3.880597015,2.442528736,3.786816269
1149,1373,188800,186800,187800,188400,197600,199200,202900,200700,-2000,1000,600,9200,1600,3700,-2200,-1.059322034,0.535331906,0.319488818,4.883227176,0.809716599,1.857429719,-1.084277969
1150,1975,162700,159900,159900,163500,171000,178700,183900,182300,-2800,0,3600,7500,7700,5200,-1600,-1.72095882,0,2.251407129,4.587155963,4.502923977,2.909904868,-0.870038064
1151,913,166700,162800,154300,162200,155900,164200,168400,174900,-3900,-8500,7900,-6300,8300,4200,6500,-2.339532094,-5.221130221,5.119896306,-3.884093711,5.323925593,2.557856273,3.859857482
1152,746,109300,111900,113100,118100,124700,130600,136800,149200,2600,1200,5000,6600,5900,6200,12400,2.378774016,1.072386059,4.42086649,5.588484335,4.731355253,4.747320061,9.064327485
1153,463,108800,108500,106000,110800,113700,116000,118200,121000,-300,-2500,4800,2900,2300,2200,2800,-0.275735294,-2.304147465,4.528301887,2.61732852,2.022867194,1.896551724,2.368866328
1154,658,123000,119000,114700,116400,118000,125300,132200,141100,-4000,-4300,1700,1600,7300,6900,8900,-3.25203252,-3.613445378,1.482127289,1.374570447,6.186440678,5.506783719,6.732223903
1155,381,95600,93000,85000,87200,90600,86900,95200,90600,-2600,-8000,2200,3400,-3700,8300,-4600,-2.719665272,-8.602150538,2.588235294,3.899082569,-4.08388521,9.551208285,-4.831932773
1156,2307,79300,78400,76000,77200,81100,87800,93600,97300,-900,-2400,1200,3900,6700,5800,3700,-1.134930643,-3.06122449,1.578947368,5.051813472,8.261405672,6.605922551,3.952991453
1157,1028,181800,175400,164400,173200,169900,175700,182300,180500,-6400,-11000,8800,-3300,5800,6600,-1800,-3.520352035,-6.271379704,5.352798054,-1.905311778,3.413772808,3.75640296,-0.987383434
1158,885,93200,91100,92300,91800,92600,96600,101300,102800,-2100,1200,-500,800,4000,4700,1500,-2.253218884,1.317233809,-0.541711809,0.871459695,4.319654428,4.865424431,1.480750247
1159,181,73000,69100,72200,68900,66700,70500,69400,72700,-3900,3100,-3300,-2200,3800,-1100,3300,-5.342465753,4.486251809,-4.570637119,-3.193033382,5.697151424,-1.560283688,4.755043228
1160,785,120600,110900,104400,104500,112400,117600,125900,132700,-9700,-6500,100,7900,5200,8300,6800,-8.043117745,-5.861136159,0.095785441,7.559808612,4.62633452,7.057823129,5.401111994
1161,1006,168600,179800,184300,205200,240100,248600,257000,269100,11200,4500,20900,34900,8500,8400,12100,6.642941874,2.502780868,11.34020619,17.00779727,3.540191587,3.378921963,4.708171206
1162,1211,158400,152700,147600,155700,174100,190300,213400,234600,-5700,-5100,8100,18400,16200,23100,21200,-3.598484848,-3.339882122,5.487804878,11.81759794,9.304997128,12.13872832,9.934395501
1163,1806,89500,86400,84100,82400,87000,91600,98000,107600,-3100,-2300,-1700,4600,4600,6400,9600,-3.463687151,-2.662037037,-2.021403092,5.582524272,5.287356322,6.986899563,9.795918367
1164,431,107900,111200,105000,109800,104100,124300,119700,113200,3300,-6200,4800,-5700,20200,-4600,-6500,3.058387396,-5.575539568,4.571428571,-5.191256831,19.40441883,-3.700724055,-5.430242272
1165,302,120100,112400,115100,112900,115900,115900,118900,131800,-7700,2700,-2200,3000,0,3000,12900,-6.411323897,2.402135231,-1.911381407,2.657218778,0,2.588438309,10.84945332
1166,2,159400,141300,135400,163600,191000,200300,219100,236000,-18100,-5900,28200,27400,9300,18800,16900,-11.35508156,-4.175513093,20.82717873,16.74816626,4.869109948,9.385921118,7.713372889
1167,174,699600,690800,652900,725000,826000,890900,961900,1001800,-8800,-37900,72100,101000,64900,71000,39900,-1.257861635,-5.486392588,11.04303875,13.93103448,7.857142857,7.969469076,4.148040337
1168,676,89900,91000,86500,84200,87900,90200,92200,92400,1100,-4500,-2300,3700,2300,2000,200,1.223581758,-4.945054945,-2.658959538,4.394299287,2.616609784,2.2172949,0.21691974
1169,1909,78942,79052,76178,78810,77689,80457,87365,87418,110,-2874,2632,-1121,2768,6908,53,0.139342809,-3.635581642,3.455065767,-1.422408324,3.562923966,8.585952745,0.060665026
1170,1210,114200,100600,86200,90700,97300,105600,114700,126300,-13600,-14400,4500,6600,8300,9100,11600,-11.9089317,-14.31411531,5.220417633,7.276736494,8.530318602,8.617424242,10.11333915
1171,760,116200,113300,113200,117100,121300,124400,128700,133700,-2900,-100,3900,4200,3100,4300,5000,-2.495697074,-0.088261253,3.445229682,3.586678053,2.555647156,3.45659164,3.885003885
1172,1171,96800,95700,90900,87100,86900,97400,105000,115100,-1100,-4800,-3800,-200,10500,7600,10100,-1.136363636,-5.015673981,-4.180418042,-0.229621125,12.08285386,7.802874743,9.619047619
1173,929,82700,86500,88900,88000,86800,89700,92600,100700,3800,2400,-900,-1200,2900,2900,8100,4.594921403,2.774566474,-1.012373453,-1.363636364,3.341013825,3.232998885,8.747300216
1174,1739,81600,81300,82600,82300,82900,87000,91500,102800,-300,1300,-300,600,4100,4500,11300,-0.367647059,1.59901599,-0.363196126,0.729040097,4.945717732,5.172413793,12.34972678
1175,2195,91800,97500,87000,87400,87400,88900,94600,109000,5700,-10500,400,0,1500,5700,14400,6.209150327,-10.76923077,0.459770115,0,1.71624714,6.411698538,15.22198732
1176,487,75100,72400,70700,70600,71800,74400,76400,76300,-2700,-1700,-100,1200,2600,2000,-100,-3.595206391,-2.348066298,-0.141442716,1.699716714,3.621169916,2.688172043,-0.130890052
1177,145,173300,159600,145500,149000,158000,173500,187500,216200,-13700,-14100,3500,9000,15500,14000,28700,-7.905366417,-8.834586466,2.405498282,6.040268456,9.810126582,8.069164265,15.30666667
1178,1752,81400,84600,79300,80400,81900,84700,87000,92100,3200,-5300,1100,1500,2800,2300,5100,3.931203931,-6.264775414,1.387137453,1.865671642,3.418803419,2.715466352,5.862068966
1179,2350,81600,81600,81100,83200,88600,95700,101700,106200,0,-500,2100,5400,7100,6000,4500,0,-0.612745098,2.589395808,6.490384615,8.013544018,6.269592476,4.424778761
1180,1494,72100,72500,73600,75500,78100,80400,90500,88700,400,1100,1900,2600,2300,10100,-1800,0.554785021,1.517241379,2.581521739,3.443708609,2.944942382,12.56218905,-1.988950276
1181,945,145800,136300,127800,130900,148700,163500,187300,206600,-9500,-8500,3100,17800,14800,23800,19300,-6.515775034,-6.23624358,2.425665102,13.59816654,9.952925353,14.55657492,10.30432461
1182,1453,99500,102200,98700,99000,106900,114100,122700,131200,2700,-3500,300,7900,7200,8600,8500,2.713567839,-3.424657534,0.303951368,7.97979798,6.735266604,7.537248028,6.927465363
1183,1608,87300,85200,84000,86000,88900,89900,91500,94300,-2100,-1200,2000,2900,1000,1600,2800,-2.405498282,-1.408450704,2.380952381,3.372093023,1.124859393,1.779755284,3.06010929
1184,1551,104900,104300,103800,108800,110500,110800,114800,118700,-600,-500,5000,1700,300,4000,3900,-0.571973308,-0.479386385,4.816955684,1.5625,0.271493213,3.610108303,3.397212544
1185,1719,79000,77800,79100,78500,77000,78500,81300,87900,-1200,1300,-600,-1500,1500,2800,6600,-1.518987342,1.670951157,-0.758533502,-1.910828025,1.948051948,3.566878981,8.118081181
1186,2174,88000,82300,78200,66700,60400,72500,73700,75500,-5700,-4100,-11500,-6300,12100,1200,1800,-6.477272727,-4.981773998,-14.70588235,-9.445277361,20.03311258,1.655172414,2.442333786
1187,983,59845,60519,62216,61198,59208,60170,65894,71607,674,1697,-1018,-1990,962,5724,5713,1.126242794,2.804078058,-1.636235052,-3.251740253,1.624780435,9.513046369,8.669985128
1188,1725,87000,85000,82000,83600,87200,94900,99800,115500,-2000,-3000,1600,3600,7700,4900,15700,-2.298850575,-3.529411765,1.951219512,4.306220096,8.830275229,5.163329821,15.73146293
1189,1297,167900,161800,151900,158400,170900,187400,211600,244500,-6100,-9900,6500,12500,16500,24200,32900,-3.633114949,-6.118665019,4.279131007,7.891414141,9.654768871,12.9135539,15.54820416
1190,2352,69600,61700,64200,66100,62600,61400,66400,70200,-7900,2500,1900,-3500,-1200,5000,3800,-11.35057471,4.051863857,2.959501558,-5.295007564,-1.916932907,8.143322476,5.722891566
1191,911,82900,81300,80900,79300,80000,84900,89500,92900,-1600,-400,-1600,700,4900,4600,3400,-1.930036188,-0.49200492,-1.977750309,0.882723834,6.125,5.418138987,3.798882682
1192,1742,77400,71800,70200,74900,82900,88100,93400,98700,-5600,-1600,4700,8000,5200,5300,5300,-7.235142119,-2.228412256,6.695156695,10.68090788,6.272617612,6.015891033,5.674518201
1193,523,197900,184400,172700,174100,180800,184400,199600,214500,-13500,-11700,1400,6700,3600,15200,14900,-6.821627084,-6.344902386,0.810654314,3.84836301,1.991150442,8.242950108,7.46492986
1194,1645,94700,94300,95600,97600,102800,110300,117200,122800,-400,1300,2000,5200,7500,6900,5600,-0.422386484,1.378579003,2.092050209,5.327868852,7.295719844,6.255666364,4.778156997
1195,1386,241100,245400,240400,244500,244100,249500,238400,248900,4300,-5000,4100,-400,5400,-11100,10500,1.783492327,-2.037489813,1.705490849,-0.163599182,2.212208111,-4.448897796,4.404362416
1196,269,417200,390600,376400,380300,437200,486200,511600,560500,-26600,-14200,3900,56900,49000,25400,48900,-6.375838926,-3.635432668,1.036131775,14.96187221,11.20768527,5.224187577,9.558248632
1197,1404,120300,116600,113200,113800,118200,128500,143900,157300,-3700,-3400,600,4400,10300,15400,13400,-3.075644223,-2.915951973,0.530035336,3.866432337,8.714043993,11.9844358,9.312022238
1198,2167,89500,88900,88600,91500,96600,103700,111200,119300,-600,-300,2900,5100,7100,7500,8100,-0.670391061,-0.337457818,3.273137698,5.573770492,7.34989648,7.232401157,7.284172662
1199,683,91900,90400,90400,87800,88900,88100,90800,98400,-1500,0,-2600,1100,-800,2700,7600,-1.632208923,0,-2.876106195,1.25284738,-0.899887514,3.064699205,8.370044053
1200,748,122100,126500,125500,127400,132300,127200,135500,145400,4400,-1000,1900,4900,-5100,8300,9900,3.603603604,-0.790513834,1.513944223,3.846153846,-3.854875283,6.525157233,7.306273063
1201,1460,120300,102800,113400,107600,102600,109200,108900,114200,-17500,10600,-5800,-5000,6600,-300,5300,-14.54696592,10.31128405,-5.114638448,-4.646840149,6.432748538,-0.274725275,4.866850321
1202,763,46200,45400,45600,45600,47200,48300,57700,65200,-800,200,0,1600,1100,9400,7500,-1.731601732,0.440528634,0,3.50877193,2.330508475,19.46169772,12.9982669
1203,2215,86300,83400,82300,81100,80100,84100,85100,85900,-2900,-1100,-1200,-1000,4000,1000,800,-3.3603708,-1.318944844,-1.458080194,-1.233045623,4.993757803,1.189060642,0.940070505
1204,640,103700,95200,94600,98900,100600,103600,108200,115500,-8500,-600,4300,1700,3000,4600,7300,-8.196721311,-0.630252101,4.545454545,1.718907988,2.982107356,4.44015444,6.74676525
1205,1838,84800,84600,76900,73400,77500,83100,85400,87500,-200,-7700,-3500,4100,5600,2300,2100,-0.235849057,-9.101654846,-4.55136541,5.585831063,7.225806452,2.767749699,2.459016393
1206,1215,192200,177700,159300,153800,165900,169500,177900,182500,-14500,-18400,-5500,12100,3600,8400,4600,-7.544224766,-10.35453011,-3.452605148,7.867360208,2.169981917,4.955752212,2.585722316
1207,2710,65200,67200,70100,77800,86300,93700,108100,114300,2000,2900,7700,8500,7400,14400,6200,3.067484663,4.31547619,10.98430813,10.92544987,8.574739282,15.36819637,5.735430157
1208,920,66700,62800,63600,65800,66800,65100,72300,74000,-3900,800,2200,1000,-1700,7200,1700,-5.847076462,1.27388535,3.459119497,1.519756839,-2.54491018,11.05990783,2.35131397
1209,656,55000,55900,53200,59300,55700,57200,60600,62300,900,-2700,6100,-3600,1500,3400,1700,1.636363636,-4.830053667,11.46616541,-6.070826307,2.692998205,5.944055944,2.805280528
1210,2164,158400,152500,146800,141100,148600,135400,131800,134200,-5900,-5700,-5700,7500,-13200,-3600,2400,-3.724747475,-3.737704918,-3.882833787,5.315379164,-8.882907133,-2.658788774,1.820940819
1211,1277,145600,143400,138400,140200,144900,144900,147800,143900,-2200,-5000,1800,4700,0,2900,-3900,-1.510989011,-3.486750349,1.300578035,3.35235378,0,2.001380262,-2.638700947
1212,2681,92700,95800,100300,118800,137400,149300,154100,165600,3100,4500,18500,18600,11900,4800,11500,3.34412082,4.697286013,18.444666,15.65656566,8.66084425,3.215003349,7.462686567
1213,1243,94400,93900,95500,96100,96700,99800,107700,120900,-500,1600,600,600,3100,7900,13200,-0.529661017,1.703940362,0.628272251,0.624349636,3.205791107,7.915831663,12.25626741
1214,731,138300,116400,115300,122300,125000,136700,141900,149400,-21900,-1100,7000,2700,11700,5200,7500,-15.835141,-0.945017182,6.07111882,2.207686018,9.36,3.803950256,5.285412262
1215,1520,87900,85100,85600,84900,87800,90500,96500,102800,-2800,500,-700,2900,2700,6000,6300,-3.185437998,0.587544066,-0.817757009,3.415783274,3.075170843,6.629834254,6.528497409
1216,1779,61200,59100,58900,59800,58000,61700,65600,65200,-2100,-200,900,-1800,3700,3900,-400,-3.431372549,-0.338409475,1.528013582,-3.010033445,6.379310345,6.320907618,-0.609756098
1217,2033,120700,118900,118400,116800,117100,120400,124200,129500,-1800,-500,-1600,300,3300,3800,5300,-1.491300746,-0.420521447,-1.351351351,0.256849315,2.818104184,3.156146179,4.267310789
1218,806,102700,105600,106900,107900,107200,108100,111100,116200,2900,1300,1000,-700,900,3000,5100,2.82375852,1.231060606,0.935453695,-0.648748842,0.839552239,2.775208141,4.590459046
1219,36,159100,152000,141600,146100,159000,167100,178200,196400,-7100,-10400,4500,12900,8100,11100,18200,-4.462602137,-6.842105263,3.177966102,8.829568789,5.094339623,6.642728905,10.21324355
1220,773,106936,108978,102010,103476,103971,101453,102730,103705,2042,-6968,1466,495,-2518,1277,975,1.909553378,-6.393951073,1.437114008,0.478371796,-2.421829164,1.25871093,0.949089847
1221,1586,75900,71900,70100,71400,77400,81900,82200,88800,-4000,-1800,1300,6000,4500,300,6600,-5.270092227,-2.503477051,1.854493581,8.403361345,5.813953488,0.366300366,8.02919708
1222,238,160800,149700,147600,150900,158300,162800,165700,173300,-11100,-2100,3300,7400,4500,2900,7600,-6.902985075,-1.402805611,2.235772358,4.903909874,2.842703727,1.781326781,4.586602293
1223,1559,123500,123300,123500,125200,133800,143300,156000,166100,-200,200,1700,8600,9500,12700,10100,-0.16194332,0.162206002,1.376518219,6.869009585,7.100149477,8.862526169,6.474358974
1224,872,139500,125500,102700,110300,107300,120900,130300,136700,-14000,-22800,7600,-3000,13600,9400,6400,-10.03584229,-18.16733068,7.400194742,-2.719854941,12.67474371,7.775020678,4.911742134
1225,1956,105100,95800,99400,103300,103500,111500,113800,120500,-9300,3600,3900,200,8000,2300,6700,-8.848715509,3.75782881,3.923541247,0.193610842,7.729468599,2.062780269,5.887521968
1226,2641,114604,115089,119106,124954,124311,129206,129603,133619,485,4017,5848,-643,4895,397,4016,0.423196398,3.490342257,4.909912179,-0.514589369,3.937704628,0.307261273,3.098693703
1227,414,258600,247200,215200,231200,253800,263300,296600,327000,-11400,-32000,16000,22600,9500,33300,30400,-4.408352668,-12.94498382,7.434944238,9.775086505,3.743104807,12.64717053,10.24949427
1228,171,109700,113100,108100,120800,156200,174100,191400,216400,3400,-5000,12700,35400,17900,17300,25000,3.099361896,-4.42086649,11.74838113,29.30463576,11.45966709,9.936817921,13.06165099
1229,1850,110300,107200,100900,106900,109100,109100,112300,120600,-3100,-6300,6000,2200,0,3200,8300,-2.810516772,-5.876865672,5.946481665,2.057998129,0,2.933088909,7.390917186
1230,130,237100,227700,210900,200600,207500,212200,216500,217200,-9400,-16800,-10300,6900,4700,4300,700,-3.964571911,-7.378129117,-4.8838312,3.439680957,2.265060241,2.026390198,0.323325635
1231,688,101000,97500,108500,141300,165600,143200,127100,133700,-3500,11000,32800,24300,-22400,-16100,6600,-3.465346535,11.28205128,30.23041475,17.19745223,-13.52657005,-11.24301676,5.192761605
1232,333,85600,87200,84700,91700,90400,97500,99600,95700,1600,-2500,7000,-1300,7100,2100,-3900,1.869158879,-2.866972477,8.26446281,-1.417666303,7.853982301,2.153846154,-3.915662651
1233,1836,81900,72800,58900,63100,68100,71500,71600,75100,-9100,-13900,4200,5000,3400,100,3500,-11.11111111,-19.09340659,7.130730051,7.923930269,4.992657856,0.13986014,4.888268156
1234,1296,200300,191500,185000,184500,191400,199900,204400,217700,-8800,-6500,-500,6900,8500,4500,13300,-4.393409885,-3.394255875,-0.27027027,3.739837398,4.440961338,2.251125563,6.506849315
1235,284,199000,173600,163000,163800,174900,177500,187200,198200,-25400,-10600,800,11100,2600,9700,11000,-12.7638191,-6.105990783,0.490797546,6.776556777,1.486563751,5.464788732,5.876068376
1236,2356,72600,60100,60400,65500,60000,57700,70400,84800,-12500,300,5100,-5500,-2300,12700,14400,-17.21763085,0.499168053,8.443708609,-8.396946565,-3.833333333,22.01039861,20.45454545
1237,2018,70200,68500,68800,69000,69000,69100,67700,68800,-1700,300,200,0,100,-1400,1100,-2.421652422,0.437956204,0.290697674,0,0.144927536,-2.026049204,1.624815362
1238,1703,155900,154900,153300,154300,155400,159900,162900,169700,-1000,-1600,1000,1100,4500,3000,6800,-0.641436818,-1.032924467,0.652315721,0.712896954,2.895752896,1.876172608,4.174340086
1239,361,109400,105800,106100,110100,111500,110000,112800,119500,-3600,300,4000,1400,-1500,2800,6700,-3.290676417,0.283553875,3.770028275,1.271571299,-1.34529148,2.545454545,5.939716312
1240,1158,156400,141300,142700,155900,178700,208800,232500,264000,-15100,1400,13200,22800,30100,23700,31500,-9.654731458,0.990799717,9.250175193,14.62475946,16.84387241,11.35057471,13.5483871
1241,248,290100,276900,277100,269600,268100,267900,273000,280600,-13200,200,-7500,-1500,-200,5100,7600,-4.550155119,0.072228241,-2.706604114,-0.556379822,-0.07459903,1.903695409,2.783882784
1242,17,361200,363700,354100,371700,397400,421600,441200,478700,2500,-9600,17600,25700,24200,19600,37500,0.69213732,-2.639538081,4.97034736,6.914178101,6.089582285,4.648956357,8.499546691
1243,46,300400,282400,260100,251600,263200,280400,280000,275000,-18000,-22300,-8500,11600,17200,-400,-5000,-5.992010652,-7.896600567,-3.267973856,4.610492846,6.534954407,-0.142653352,-1.785714286
1244,1058,250200,229100,219200,211500,210100,222200,220600,220500,-21100,-9900,-7700,-1400,12100,-1600,-100,-8.433253397,-4.321257093,-3.512773723,-0.661938534,5.759162304,-0.720072007,-0.045330916
1245,1393,110900,103900,99500,108100,109700,114700,115800,121400,-7000,-4400,8600,1600,5000,1100,5600,-6.311992786,-4.234841193,8.64321608,1.480111008,4.557885141,0.95902354,4.835924007
1246,1312,144600,147400,151800,170300,183000,200500,201000,200600,2800,4400,18500,12700,17500,500,-400,1.93637621,2.985074627,12.18708827,7.457428068,9.56284153,0.249376559,-0.199004975
1247,623,87900,90000,87500,87300,80200,81400,90500,92100,2100,-2500,-200,-7100,1200,9100,1600,2.389078498,-2.777777778,-0.228571429,-8.132875143,1.496259352,11.17936118,1.767955801
1248,2203,65400,64900,64000,64900,68600,72700,76700,80400,-500,-900,900,3700,4100,4000,3700,-0.764525994,-1.386748844,1.40625,5.701078582,5.976676385,5.502063274,4.82398957
1249,833,114400,119200,119000,126500,133500,140500,155200,153000,4800,-200,7500,7000,7000,14700,-2200,4.195804196,-0.167785235,6.302521008,5.533596838,5.243445693,10.46263345,-1.417525773
1250,655,85800,84000,83800,83600,90300,87000,88500,91000,-1800,-200,-200,6700,-3300,1500,2500,-2.097902098,-0.238095238,-0.238663484,8.014354067,-3.65448505,1.724137931,2.824858757
1251,1804,107800,105900,105000,104700,106800,110900,115700,119800,-1900,-900,-300,2100,4100,4800,4100,-1.762523191,-0.849858357,-0.285714286,2.005730659,3.838951311,4.328223625,3.543647364
1252,996,137800,130900,129300,135100,134700,139500,149200,152500,-6900,-1600,5800,-400,4800,9700,3300,-5.007256894,-1.222307105,4.485692189,-0.29607698,3.563474388,6.953405018,2.211796247
1253,2942,72465,70725,70237,70949,74009,79148,83712,88846,-1740,-488,712,3060,5139,4564,5134,-2.40115918,-0.689996465,1.013710722,4.312957195,6.943750084,5.766412291,6.132931957
1254,33,146200,134300,124900,120700,123000,126000,132400,139700,-11900,-9400,-4200,2300,3000,6400,7300,-8.139534884,-6.999255398,-3.362690152,1.905550953,2.43902439,5.079365079,5.513595166
1255,2445,122600,123700,123400,127600,130900,136200,139600,139300,1100,-300,4200,3300,5300,3400,-300,0.897226754,-0.242522231,3.40356564,2.586206897,4.048892284,2.496328928,-0.214899713
1256,2242,88200,82800,82400,86400,94000,100300,109700,120500,-5400,-400,4000,7600,6300,9400,10800,-6.12244898,-0.483091787,4.854368932,8.796296296,6.70212766,9.371884347,9.845031905
1257,1278,139400,137200,139200,142700,146600,153300,163000,171800,-2200,2000,3500,3900,6700,9700,8800,-1.578192253,1.457725948,2.514367816,2.733006307,4.570259209,6.327462492,5.398773006
1258,1933,61382,57225,57870,60882,61478,70023,72648,77804,-4157,645,3012,596,8545,2625,5156,-6.772343684,1.127129751,5.204769311,0.978942873,13.89928104,3.748768262,7.097235987
1259,1349,241900,238600,225200,233500,239200,244400,253500,266000,-3300,-13400,8300,5700,5200,9100,12500,-1.364200083,-5.616093881,3.685612789,2.44111349,2.173913043,3.723404255,4.930966469
1260,2368,52300,50900,48900,50500,55100,56300,57300,62900,-1400,-2000,1600,4600,1200,1000,5600,-2.676864245,-3.929273084,3.27198364,9.108910891,2.177858439,1.776198934,9.773123909
1261,118,110400,100200,90600,88700,87600,89500,94200,105000,-10200,-9600,-1900,-1100,1900,4700,10800,-9.239130435,-9.580838323,-2.097130243,-1.240135287,2.168949772,5.251396648,11.46496815
1262,1022,171000,164700,146300,157400,157800,147900,149700,153500,-6300,-18400,11100,400,-9900,1800,3800,-3.684210526,-11.17182757,7.587149692,0.254129606,-6.273764259,1.21703854,2.538410154
1263,213,137000,125100,120800,130500,141400,152000,161200,173200,-11900,-4300,9700,10900,10600,9200,12000,-8.686131387,-3.4372502,8.029801325,8.352490421,7.496463932,6.052631579,7.444168734
1264,2845,89700,90200,88400,88700,91200,95300,100100,106900,500,-1800,300,2500,4100,4800,6800,0.557413601,-1.99556541,0.339366516,2.81848929,4.495614035,5.036726128,6.793206793
1265,68,360000,352800,331200,333500,352200,362600,366600,377900,-7200,-21600,2300,18700,10400,4000,11300,-2,-6.12244898,0.694444444,5.607196402,2.952867689,1.10314396,3.082378614
1266,1008,408090,373867,328649,341064,389166,393034,420715,430559,-34223,-45218,12415,48102,3868,27681,9844,-8.386140312,-12.09467538,3.777586422,14.10351136,0.993920332,7.042902141,2.339826248
1267,386,149700,152300,151800,161300,169800,169400,176600,178000,2600,-500,9500,8500,-400,7200,1400,1.736806947,-0.328299409,6.258234519,5.269683819,-0.23557126,4.250295159,0.792751982
1268,2717,77100,80400,91300,85500,89300,83900,70100,75300,3300,10900,-5800,3800,-5400,-13800,5200,4.280155642,13.55721393,-6.352683461,4.444444444,-6.047032475,-16.44815256,7.417974322
1269,1431,373100,348600,350300,364500,394600,425900,478600,508200,-24500,1700,14200,30100,31300,52700,29600,-6.566604128,0.487664945,4.053668284,8.257887517,7.932083122,12.37379667,6.184705391
1270,1773,150600,141500,131300,134000,139600,150200,158300,164400,-9100,-10200,2700,5600,10600,8100,6100,-6.04249668,-7.208480565,2.056359482,4.179104478,7.593123209,5.392809587,3.85344283
1271,1698,166900,159500,159200,160600,165000,188300,148400,132000,-7400,-300,1400,4400,23300,-39900,-16400,-4.43379269,-0.188087774,0.879396985,2.739726027,14.12121212,-21.18959108,-11.05121294
1272,1310,135300,143500,145000,144700,142800,146000,147200,151700,8200,1500,-300,-1900,3200,1200,4500,6.060606061,1.045296167,-0.206896552,-1.313061507,2.240896359,0.821917808,3.057065217
1273,1290,99300,94500,95100,97400,99400,113700,124500,137400,-4800,600,2300,2000,14300,10800,12900,-4.833836858,0.634920635,2.418506835,2.05338809,14.38631791,9.498680739,10.36144578
1274,2477,78700,68500,74100,78500,69900,71400,74500,73300,-10200,5600,4400,-8600,1500,3100,-1200,-12.96060991,8.175182482,5.937921727,-10.95541401,2.145922747,4.341736695,-1.610738255
1275,55,124300,122800,122100,122000,124700,123000,138600,154100,-1500,-700,-100,2700,-1700,15600,15500,-1.206757844,-0.570032573,-0.081900082,2.213114754,-1.363271852,12.68292683,11.18326118
1276,240,161400,153100,139000,130700,127500,125700,120200,129300,-8300,-14100,-8300,-3200,-1800,-5500,9100,-5.142503098,-9.209666884,-5.971223022,-2.448355011,-1.411764706,-4.375497216,7.570715474
1277,1573,88300,86700,84800,85200,88600,92100,98200,101400,-1600,-1900,400,3400,3500,6100,3200,-1.81200453,-2.191464821,0.471698113,3.990610329,3.9503386,6.623235613,3.258655804
1278,2072,80300,78600,77500,78100,82300,86700,91200,94200,-1700,-1100,600,4200,4400,4500,3000,-2.117061021,-1.399491094,0.774193548,5.377720871,5.346294046,5.190311419,3.289473684
1279,1472,64300,60400,68100,69900,66000,62100,69200,76600,-3900,7700,1800,-3900,-3900,7100,7400,-6.065318818,12.74834437,2.643171806,-5.579399142,-5.909090909,11.4331723,10.69364162
1280,116,328500,322000,296400,311900,389600,416200,450100,500900,-6500,-25600,15500,77700,26600,33900,50800,-1.97869102,-7.950310559,5.229419703,24.91183071,6.8275154,8.145122537,11.2863808
1281,840,185300,173400,161100,159000,166500,176800,175400,187700,-11900,-12300,-2100,7500,10300,-1400,12300,-6.422018349,-7.093425606,-1.303538175,4.716981132,6.186186186,-0.791855204,7.012542759
1282,188,100300,95000,86400,79000,81000,78000,80100,81700,-5300,-8600,-7400,2000,-3000,2100,1600,-5.284147557,-9.052631579,-8.564814815,2.53164557,-3.703703704,2.692307692,1.997503121
1283,1064,60300,63000,61400,64800,67300,69200,67600,67300,2700,-1600,3400,2500,1900,-1600,-300,4.47761194,-2.53968254,5.537459283,3.858024691,2.823179792,-2.312138728,-0.443786982
1284,1729,54800,53400,51500,50400,49900,49000,49600,50800,-1400,-1900,-1100,-500,-900,600,1200,-2.554744526,-3.558052434,-2.13592233,-0.992063492,-1.803607214,1.224489796,2.419354839
1285,1630,95900,94400,94000,95100,95200,97400,98800,98300,-1500,-400,1100,100,2200,1400,-500,-1.564129301,-0.423728814,1.170212766,0.105152471,2.31092437,1.437371663,-0.506072874
1286,1772,115200,114064,84500,100400,98400,101400,104900,110100,-1136,-29564,15900,-2000,3000,3500,5200,-0.986111111,-25.91878244,18.81656805,-1.992031873,3.048780488,3.451676529,4.957102002
1287,30,377700,372800,369000,378800,406500,410300,415800,426300,-4900,-3800,9800,27700,3800,5500,10500,-1.29732592,-1.019313305,2.655826558,7.312565998,0.934809348,1.340482574,2.525252525
1288,815,86800,80600,78100,73300,72900,78800,79500,82600,-6200,-2500,-4800,-400,5900,700,3100,-7.142857143,-3.101736973,-6.145966709,-0.545702592,8.093278464,0.888324873,3.899371069
1289,592,101800,90400,90700,87100,93300,92500,91200,97500,-11400,300,-3600,6200,-800,-1300,6300,-11.19842829,0.331858407,-3.969128997,7.118254879,-0.857449089,-1.405405405,6.907894737
1290,85,91600,88100,81000,80700,81600,82200,83900,90000,-3500,-7100,-300,900,600,1700,6100,-3.820960699,-8.059023837,-0.37037037,1.115241636,0.735294118,2.068126521,7.270560191
1291,50,268300,262500,250600,250900,261800,266900,273300,281500,-5800,-11900,300,10900,5100,6400,8200,-2.161759225,-4.533333333,0.11971269,4.344360303,1.948051948,2.397901836,3.000365898
1292,1275,132300,131300,134500,136200,134900,134600,138200,142900,-1000,3200,1700,-1300,-300,3600,4700,-0.755857899,2.437166794,1.26394052,-0.954478708,-0.222386953,2.674591382,3.400868307
1293,1195,174500,172800,171400,175100,184400,200100,208800,228100,-1700,-1400,3700,9300,15700,8700,19300,-0.974212034,-0.810185185,2.158693116,5.311250714,8.514099783,4.347826087,9.243295019
1294,1375,183300,179000,170100,177500,178300,182200,185300,191900,-4300,-8900,7400,800,3900,3100,6600,-2.345881069,-4.972067039,4.350382128,0.450704225,2.187324734,1.701427003,3.561791689
1295,944,134542,136246,134095,145374,151327,155190,158736,162398,1704,-2151,11279,5953,3863,3546,3662,1.266519005,-1.578761945,8.411201014,4.094955081,2.552750005,2.28494104,2.306975103
1296,682,192800,176400,163100,166200,174000,178000,188500,216200,-16400,-13300,3100,7800,4000,10500,27700,-8.506224066,-7.53968254,1.900674433,4.693140794,2.298850575,5.898876404,14.69496021
1297,413,184700,181400,174000,170100,173700,175400,182900,192200,-3300,-7400,-3900,3600,1700,7500,9300,-1.786681104,-4.07938258,-2.24137931,2.116402116,0.978698906,4.275940707,5.084745763
1298,2039,70900,70800,70600,70900,71100,72600,75200,75800,-100,-200,300,200,1500,2600,600,-0.141043724,-0.282485876,0.424929178,0.282087447,2.109704641,3.581267218,0.79787234
1299,1892,165100,153800,135100,136000,147600,157300,164500,173600,-11300,-18700,900,11600,9700,7200,9100,-6.844336766,-12.15864759,0.666173205,8.529411765,6.571815718,4.577240941,5.531914894
1300,1664,73100,70200,70800,71300,74500,77800,77600,78000,-2900,600,500,3200,3300,-200,400,-3.967168263,0.854700855,0.706214689,4.488078541,4.429530201,-0.257069409,0.515463918
1301,1446,124800,123400,122800,124000,125000,129300,127100,139800,-1400,-600,1200,1000,4300,-2200,12700,-1.121794872,-0.486223663,0.977198697,0.806451613,3.44,-1.701469451,9.992132179
1302,1837,80400,69700,67000,67300,69200,70900,76300,76800,-10700,-2700,300,1900,1700,5400,500,-13.30845771,-3.87374462,0.447761194,2.823179792,2.456647399,7.616361072,0.655307995
1303,2539,316100,305200,295500,296100,268200,279400,299000,330400,-10900,-9700,600,-27900,11200,19600,31400,-3.448275862,-3.178243775,0.203045685,-9.422492401,4.175988069,7.015032212,10.50167224
1304,97,410800,395500,372400,370700,387600,396300,402000,403600,-15300,-23100,-1700,16900,8700,5700,1600,-3.724440117,-5.840707965,-0.456498389,4.558942541,2.244582043,1.438304315,0.39800995
1305,2317,60700,57300,54800,56100,58700,62500,65200,71800,-3400,-2500,1300,2600,3800,2700,6600,-5.601317957,-4.363001745,2.372262774,4.634581105,6.473594549,4.32,10.12269939
1306,1693,139700,135400,132200,138900,144200,153900,159700,168200,-4300,-3200,6700,5300,9700,5800,8500,-3.078024338,-2.363367799,5.068078669,3.815694744,6.726768377,3.768680962,5.322479649
1307,1675,99600,64200,73100,74500,76400,84400,98500,125900,-35400,8900,1400,1900,8000,14100,27400,-35.54216867,13.86292835,1.915184679,2.55033557,10.47120419,16.70616114,27.81725888
1308,2483,128500,135200,140500,153900,175800,189900,201100,197700,6700,5300,13400,21900,14100,11200,-3400,5.214007782,3.920118343,9.537366548,14.23001949,8.020477816,5.897840969,-1.690701144
1309,700,86300,86200,83000,79500,80800,81400,83400,88800,-100,-3200,-3500,1300,600,2000,5400,-0.115874855,-3.712296984,-4.21686747,1.635220126,0.742574257,2.457002457,6.474820144
1310,2480,71400,69100,66500,68300,69400,70400,69000,75800,-2300,-2600,1800,1100,1000,-1400,6800,-3.221288515,-3.762662808,2.706766917,1.610541728,1.44092219,-1.988636364,9.855072464
1311,58,245700,227500,217200,233500,259300,283200,331200,383100,-18200,-10300,16300,25800,23900,48000,51900,-7.407407407,-4.527472527,7.504604052,11.04925054,9.217123024,16.94915254,15.67028986
1312,1616,104200,85800,70400,83400,90800,94500,100700,104200,-18400,-15400,13000,7400,3700,6200,3500,-17.65834933,-17.94871795,18.46590909,8.872901679,4.074889868,6.560846561,3.475670308
1313,1026,59500,59500,57600,58900,57100,56800,59700,70000,0,-1900,1300,-1800,-300,2900,10300,0,-3.193277311,2.256944444,-3.056027165,-0.525394046,5.105633803,17.25293132
1314,662,118200,119700,116800,119300,118500,122400,127000,131900,1500,-2900,2500,-800,3900,4600,4900,1.269035533,-2.422723475,2.140410959,-0.670578374,3.291139241,3.758169935,3.858267717
1315,1262,102200,95200,92900,87300,88300,84500,89000,85400,-7000,-2300,-5600,1000,-3800,4500,-3600,-6.849315068,-2.415966387,-6.027987083,1.145475372,-4.303510759,5.325443787,-4.04494382
1316,1276,83000,75200,75100,76600,78400,84600,91800,103800,-7800,-100,1500,1800,6200,7200,12000,-9.397590361,-0.132978723,1.997336884,2.349869452,7.908163265,8.510638298,13.07189542
1317,419,93700,93100,89200,88900,88700,91900,93400,99700,-600,-3900,-300,-200,3200,1500,6300,-0.640341515,-4.189044039,-0.33632287,-0.224971879,3.607666291,1.632208923,6.745182013
1318,470,65200,64000,63300,63100,61600,57200,62700,66200,-1200,-700,-200,-1500,-4400,5500,3500,-1.840490798,-1.09375,-0.315955766,-2.377179081,-7.142857143,9.615384615,5.582137161
1319,1073,1126000,1048000,1023900,1053700,1125500,1262000,1365200,1405300,-78000,-24100,29800,71800,136500,103200,40100,-6.927175844,-2.299618321,2.910440473,6.814083705,12.12794314,8.177496038,2.937298564
1320,297,415100,389000,368100,388500,472400,513000,563200,610500,-26100,-20900,20400,83900,40600,50200,47300,-6.287641532,-5.372750643,5.54197229,21.5958816,8.594411516,9.785575049,8.3984375
1321,388,114910,109697,104150,104582,104511,101579,108528,112230,-5213,-5547,432,-71,-2932,6949,3702,-4.536593856,-5.056656062,0.414786366,-0.067889312,-2.805446317,6.840980911,3.411101283
1322,1429,198100,185100,172500,173700,187700,198400,218000,234800,-13000,-12600,1200,14000,10700,19600,16800,-6.562342251,-6.80713128,0.695652174,8.059873345,5.700586042,9.879032258,7.706422018
1323,21,404000,395600,377700,379300,400800,424100,441500,467700,-8400,-17900,1600,21500,23300,17400,26200,-2.079207921,-4.524772497,0.423616627,5.668336409,5.813373253,4.102805942,5.934314836
1324,2475,90100,89500,89200,91200,95200,99400,105400,110700,-600,-300,2000,4000,4200,6000,5300,-0.665926748,-0.335195531,2.242152466,4.385964912,4.411764706,6.036217304,5.028462998
1325,1421,172400,169200,166000,170000,177200,184100,193400,197900,-3200,-3200,4000,7200,6900,9300,4500,-1.856148492,-1.891252955,2.409638554,4.235294118,3.893905192,5.05160239,2.326783868
1326,351,153300,142200,138200,142100,137300,144800,156600,165000,-11100,-4000,3900,-4800,7500,11800,8400,-7.240704501,-2.812939522,2.821997106,-3.377902885,5.462490896,8.149171271,5.363984674
1327,1544,71100,67500,66900,68400,71900,75600,79100,82400,-3600,-600,1500,3500,3700,3500,3300,-5.063291139,-0.888888889,2.242152466,5.116959064,5.146036161,4.62962963,4.17193426
1328,657,113000,112300,111200,111600,112900,113200,124000,133700,-700,-1100,400,1300,300,10800,9700,-0.619469027,-0.979519145,0.35971223,1.164874552,0.265721878,9.540636042,7.822580645
1329,999,185900,178100,164400,164900,168900,170800,172000,174800,-7800,-13700,500,4000,1900,1200,2800,-4.195804196,-7.692307692,0.304136253,2.425712553,1.124925992,0.702576112,1.627906977
1330,2186,93900,99200,95500,95800,91600,91300,98500,107000,5300,-3700,300,-4200,-300,7200,8500,5.644302449,-3.72983871,0.314136126,-4.384133612,-0.327510917,7.886089814,8.629441624
1331,3003,71826,68723,66804,64032,63962,63163,60995,64933,-3103,-1919,-2772,-70,-799,-2168,3938,-4.320162615,-2.792369367,-4.149452129,-0.10932034,-1.2491792,-3.432389215,6.456266907
1332,1088,53800,50800,48000,51300,51600,52400,48400,56100,-3000,-2800,3300,300,800,-4000,7700,-5.576208178,-5.511811024,6.875,0.584795322,1.550387597,-7.633587786,15.90909091
1333,378,332800,291200,264500,280200,329000,344800,365500,398000,-41600,-26700,15700,48800,15800,20700,32500,-12.5,-9.168956044,5.935727788,17.41613133,4.802431611,6.003480278,8.891928865
1334,82,218300,203000,190500,182300,189000,193300,202200,216500,-15300,-12500,-8200,6700,4300,8900,14300,-7.008703619,-6.157635468,-4.304461942,3.67526056,2.275132275,4.604242111,7.072205737
1335,207,185800,176500,162200,164500,178400,182600,192300,203900,-9300,-14300,2300,13900,4200,9700,11600,-5.005382131,-8.101983003,1.418002466,8.449848024,2.35426009,5.312157722,6.03224129
1336,43,219700,210800,198400,192600,198100,193700,194300,201500,-8900,-12400,-5800,5500,-4400,600,7200,-4.050978607,-5.882352941,-2.923387097,2.855659398,-2.221100454,0.309757357,3.705609882
1337,941,210100,203900,200400,204100,207700,217500,224500,234100,-6200,-3500,3700,3600,9800,7000,9600,-2.950975726,-1.71652771,1.846307385,1.763841254,4.718343765,3.218390805,4.276169265
1338,164,234600,221400,208000,205500,205700,205800,211700,218100,-13200,-13400,-2500,200,100,5900,6400,-5.626598465,-6.052393857,-1.201923077,0.097323601,0.048614487,2.86686103,3.023145961
1339,14,864000,897100,914800,965300,1085800,1220500,1298500,1310700,33100,17700,50500,120500,134700,78000,12200,3.831018519,1.973024189,5.520332313,12.48316586,12.40559956,6.390823433,0.93954563
1340,1538,77400,72200,67800,71200,70900,67900,70700,79700,-5200,-4400,3400,-300,-3000,2800,9000,-6.718346253,-6.094182825,5.014749263,-0.421348315,-4.231311707,4.12371134,12.72984441
1341,718,84000,82400,80200,79300,77500,82300,81300,85600,-1600,-2200,-900,-1800,4800,-1000,4300,-1.904761905,-2.669902913,-1.122194514,-2.269861286,6.193548387,-1.215066829,5.289052891
1342,230,184800,175600,162500,154700,153800,157600,156200,165600,-9200,-13100,-7800,-900,3800,-1400,9400,-4.978354978,-7.460136674,-4.8,-0.58177117,2.470741222,-0.888324873,6.017925736
1343,427,303100,317000,292700,318700,308000,320300,315400,352100,13900,-24300,26000,-10700,12300,-4900,36700,4.585945233,-7.665615142,8.882815169,-3.357389394,3.993506494,-1.529815798,11.63601776
1344,1363,96700,88000,71600,77400,89000,101100,119200,126400,-8700,-16400,5800,11600,12100,18100,7200,-8.996897622,-18.63636364,8.100558659,14.9870801,13.59550562,17.90306627,6.040268456
1345,1007,79000,79000,93800,97300,98400,103600,104300,109800,0,14800,3500,1100,5200,700,5500,0,18.73417722,3.731343284,1.130524152,5.284552846,0.675675676,5.27325024
1346,2665,84100,97500,81900,82200,79600,79600,85800,95800,13400,-15600,300,-2600,0,6200,10000,15.9334126,-16,0.366300366,-3.163017032,0,7.788944724,11.65501166
1347,2297,70500,70000,72000,74100,74500,82900,87100,91400,-500,2000,2100,400,8400,4200,4300,-0.709219858,2.857142857,2.916666667,0.539811066,11.27516779,5.066344994,4.936854191
1348,1621,147400,138600,136700,143500,154400,164300,181300,189200,-8800,-1900,6800,10900,9900,17000,7900,-5.970149254,-1.370851371,4.974396489,7.595818815,6.411917098,10.34692635,4.357418643
1349,195,96700,99700,97500,99100,104200,107300,108500,117800,3000,-2200,1600,5100,3100,1200,9300,3.10237849,-2.20661986,1.641025641,5.146316852,2.975047985,1.118359739,8.571428571
1350,3027,115617,115650,115866,117765,128364,129772,125025,132665,33,216,1899,10599,1408,-4747,7640,0.028542515,0.186770428,1.638962249,9.000127372,1.096880745,-3.65795395,6.110777844
1351,1547,76200,75800,75900,77900,79100,86700,91400,96400,-400,100,2000,1200,7600,4700,5000,-0.524934383,0.131926121,2.635046113,1.540436457,9.608091024,5.420991926,5.470459519
1352,2286,43200,42900,44000,43900,48800,55200,59500,61300,-300,1100,-100,4900,6400,4300,1800,-0.694444444,2.564102564,-0.227272727,11.16173121,13.1147541,7.789855072,3.025210084
1353,180,181400,171000,153700,151900,151400,157700,160800,168900,-10400,-17300,-1800,-500,6300,3100,8100,-5.733186329,-10.11695906,-1.171112557,-0.329163924,4.161162483,1.965757768,5.037313433
1354,64,343300,341400,330800,344900,376900,397600,418000,446100,-1900,-10600,14100,32000,20700,20400,28100,-0.553451791,-3.104862332,4.262394196,9.278051609,5.49217299,5.130784708,6.722488038
1355,152,197400,188200,174400,169300,176000,176300,177700,180700,-9200,-13800,-5100,6700,300,1400,3000,-4.660587639,-7.332624867,-2.924311927,3.957471943,0.170454545,0.794100964,1.688238604
1356,391,72000,71200,73300,73600,72600,73300,78100,78200,-800,2100,300,-1000,700,4800,100,-1.111111111,2.949438202,0.409276944,-1.358695652,0.964187328,6.548431105,0.128040973
1357,1208,116000,113500,111600,116700,118700,125500,132900,140400,-2500,-1900,5100,2000,6800,7400,7500,-2.155172414,-1.674008811,4.569892473,1.713796058,5.728727885,5.896414343,5.643340858
1358,649,118721,104615,95159,101217,122339,138521,143576,149630,-14106,-9456,6058,21122,16182,5055,6054,-11.88163846,-9.038856761,6.366187118,20.868036,13.22718021,3.649266176,4.216582159
1359,2640,75000,77600,76300,85500,88500,88600,93700,98900,2600,-1300,9200,3000,100,5100,5200,3.466666667,-1.675257732,12.0576671,3.50877193,0.11299435,5.756207675,5.549626467
1360,1164,130700,130400,130700,148100,172400,187700,199300,216200,-300,300,17400,24300,15300,11600,16900,-0.229533282,0.23006135,13.31293037,16.40783255,8.874709977,6.180074587,8.479678876
1361,1716,64100,63000,62300,62300,62500,64300,66500,68300,-1100,-700,0,200,1800,2200,1800,-1.716068643,-1.111111111,0,0.321027287,2.88,3.421461897,2.706766917
1362,77,269500,255900,236200,229200,240500,242700,248800,253700,-13600,-19700,-7000,11300,2200,6100,4900,-5.046382189,-7.698319656,-2.963590178,4.930191972,0.914760915,2.513391018,1.969453376
1363,1771,78200,74200,71900,73400,70800,77200,81900,85500,-4000,-2300,1500,-2600,6400,4700,3600,-5.115089514,-3.099730458,2.086230876,-3.542234332,9.039548023,6.088082902,4.395604396
1364,1702,219378,210611,203650,209721,215860,248358,235850,252085,-8767,-6961,6071,6139,32498,-12508,16235,-3.996298626,-3.305145505,2.981095016,2.927222357,15.05512832,-5.036278276,6.883612466
1365,459,136200,133200,128300,130500,129100,136000,137500,141500,-3000,-4900,2200,-1400,6900,1500,4000,-2.202643172,-3.678678679,1.714731099,-1.072796935,5.344694036,1.102941176,2.909090909
1366,1636,115700,116800,116800,115100,111600,116900,122800,129500,1100,0,-1700,-3500,5300,5900,6700,0.950734659,0,-1.455479452,-3.040834057,4.749103943,5.04704876,5.456026059
1367,1932,127800,116700,106800,108100,110200,118100,123400,130300,-11100,-9900,1300,2100,7900,5300,6900,-8.685446009,-8.483290488,1.217228464,1.942645698,7.168784029,4.487722269,5.591572123
1368,1126,112100,107700,106500,108400,94400,101000,104700,107600,-4400,-1200,1900,-14000,6600,3700,2900,-3.925066905,-1.114206128,1.784037559,-12.91512915,6.991525424,3.663366337,2.769818529
1369,2171,78500,78200,76500,79000,81600,85800,90700,96200,-300,-1700,2500,2600,4200,4900,5500,-0.382165605,-2.173913043,3.267973856,3.291139241,5.147058824,5.710955711,6.063947078
1370,1267,165900,160300,155100,159900,169300,172800,181300,194200,-5600,-5200,4800,9400,3500,8500,12900,-3.375527426,-3.243917654,3.094777563,5.878674171,2.06733609,4.918981481,7.115278544
1371,685,147800,146700,137400,137200,139400,144400,154000,155800,-1100,-9300,-200,2200,5000,9600,1800,-0.744248985,-6.339468303,-0.145560408,1.603498542,3.586800574,6.648199446,1.168831169
1372,1614,102500,86300,88900,85500,92800,96700,107200,113200,-16200,2600,-3400,7300,3900,10500,6000,-15.80487805,3.012746234,-3.824521935,8.538011696,4.202586207,10.85832472,5.597014925
1373,60,106100,104400,103300,104000,107100,108900,110700,124900,-1700,-1100,700,3100,1800,1800,14200,-1.602262017,-1.053639847,0.677637948,2.980769231,1.680672269,1.652892562,12.82746161
1374,694,52100,49200,49900,50700,51300,52800,53200,56500,-2900,700,800,600,1500,400,3300,-5.56621881,1.422764228,1.603206413,1.183431953,2.923976608,0.757575758,6.203007519
1375,1546,151500,148100,148300,153700,154100,158300,164300,168800,-3400,200,5400,400,4200,6000,4500,-2.244224422,0.135043889,3.641267701,0.260247235,2.72550292,3.790271636,2.73889227
1376,527,225100,221900,217300,218800,229300,236400,243200,252500,-3200,-4600,1500,10500,7100,6800,9300,-1.421590404,-2.073005858,0.690289922,4.798903108,3.096380288,2.876480541,3.824013158
1377,287,159200,154200,152300,152100,160500,164900,175200,190800,-5000,-1900,-200,8400,4400,10300,15600,-3.140703518,-1.232166018,-0.131319764,5.522682446,2.741433022,6.246209824,8.904109589
1378,2960,106800,101900,98600,103100,109400,115200,123200,136300,-4900,-3300,4500,6300,5800,8000,13100,-4.588014981,-3.238469087,4.563894523,6.11057226,5.301645338,6.944444444,10.63311688
1379,185,101500,102700,100400,102100,105500,105200,108600,113400,1200,-2300,1700,3400,-300,3400,4800,1.18226601,-2.239532619,1.693227092,3.33006856,-0.28436019,3.231939163,4.419889503
1380,1655,139400,150600,138900,134000,135600,135900,139400,146700,11200,-11700,-4900,1600,300,3500,7300,8.034433286,-7.768924303,-3.527717783,1.194029851,0.221238938,2.575423105,5.236728838
1381,102,121500,118900,118200,118400,119900,122100,124400,130100,-2600,-700,200,1500,2200,2300,5700,-2.139917695,-0.588730025,0.169204738,1.266891892,1.834862385,1.883701884,4.581993569
1382,1271,154600,152000,147400,143900,141600,132900,125600,129800,-2600,-4600,-3500,-2300,-8700,-7300,4200,-1.681759379,-3.026315789,-2.37449118,-1.598332175,-6.144067797,-5.492851768,3.343949045
1383,346,135400,136100,135500,136400,139100,141000,147200,145300,700,-600,900,2700,1900,6200,-1900,0.516986706,-0.440852314,0.664206642,1.979472141,1.365923796,4.397163121,-1.29076087
1384,4,496600,480600,452400,483100,571500,594100,633100,664800,-16000,-28200,30700,88400,22600,39000,31700,-3.221908981,-5.867665418,6.786030062,18.29848893,3.954505687,6.564551422,5.007107882
1385,1165,145800,131600,123300,129300,150900,164700,180900,206900,-14200,-8300,6000,21600,13800,16200,26000,-9.739368999,-6.306990881,4.866180049,16.70533643,9.145129225,9.836065574,14.37258154
1386,1995,66300,67600,68900,69300,72700,75900,78400,77400,1300,1300,400,3400,3200,2500,-1000,1.960784314,1.923076923,0.580551524,4.906204906,4.401650619,3.293807642,-1.275510204
1387,1315,244700,235200,224800,227000,240400,245100,250100,265000,-9500,-10400,2200,13400,4700,5000,14900,-3.882304863,-4.421768707,0.978647687,5.9030837,1.955074875,2.03998368,5.957616953
1388,128,245800,230100,219200,208600,212700,212200,209700,222000,-15700,-10900,-10600,4100,-500,-2500,12300,-6.387306753,-4.737070839,-4.835766423,1.96548418,-0.235072873,-1.178133836,5.865522175
1389,1400,88800,88100,87500,89400,94400,100300,97900,98300,-700,-600,1900,5000,5900,-2400,400,-0.788288288,-0.681044268,2.171428571,5.592841163,6.25,-2.392821535,0.408580184
1390,758,192400,185600,178300,181300,185400,192600,192700,203700,-6800,-7300,3000,4100,7200,100,11000,-3.534303534,-3.933189655,1.682557487,2.261445119,3.883495146,0.05192108,5.708354956
1391,399,75100,71800,67500,67600,67800,69600,69700,70500,-3300,-4300,100,200,1800,100,800,-4.394141145,-5.988857939,0.148148148,0.295857988,2.654867257,0.143678161,1.147776184
1392,1207,131400,131900,114900,116200,141100,149300,157400,174500,500,-17000,1300,24900,8200,8100,17100,0.380517504,-12.88855193,1.131418625,21.42857143,5.811481219,5.425318151,10.86404066
1393,661,84000,85000,85300,80000,84700,85900,86500,89100,1000,300,-5300,4700,1200,600,2600,1.19047619,0.352941176,-6.213364596,5.875,1.416765053,0.698486612,3.005780347
1394,2092,92100,90200,87800,86500,84000,78700,82900,91100,-1900,-2400,-1300,-2500,-5300,4200,8200,-2.062975027,-2.66075388,-1.480637813,-2.89017341,-6.30952381,5.336721728,9.891435464
1395,613,90000,89200,86100,87600,90700,90900,92400,94600,-800,-3100,1500,3100,200,1500,2200,-0.888888889,-3.475336323,1.742160279,3.538812785,0.220507166,1.650165017,2.380952381
1396,1231,117400,108000,102500,115400,137100,151400,161700,176700,-9400,-5500,12900,21700,14300,10300,15000,-8.00681431,-5.092592593,12.58536585,18.80415945,10.43034282,6.80317041,9.276437848
1397,324,86700,86600,86200,85800,89900,90900,93000,95500,-100,-400,-400,4100,1000,2100,2500,-0.115340254,-0.461893764,-0.464037123,4.778554779,1.112347052,2.310231023,2.688172043
1398,936,62900,60300,56000,57100,59600,61800,68000,71700,-2600,-4300,1100,2500,2200,6200,3700,-4.13354531,-7.131011609,1.964285714,4.378283713,3.691275168,10.03236246,5.441176471
1399,985,112300,110300,109300,111400,113200,116100,125400,128500,-2000,-1000,2100,1800,2900,9300,3100,-1.7809439,-0.906618314,1.921317475,1.615798923,2.561837456,8.010335917,2.472089314
1400,1812,92800,88200,81800,82600,84100,90100,93100,99200,-4600,-6400,800,1500,6000,3000,6100,-4.956896552,-7.256235828,0.97799511,1.81598063,7.134363853,3.32963374,6.552094522
1401,513,122100,117200,118100,116000,116500,117500,118800,123600,-4900,900,-2100,500,1000,1300,4800,-4.013104013,0.767918089,-1.778154107,0.431034483,0.858369099,1.106382979,4.04040404
1402,1235,132700,128200,126500,131500,140100,151300,162100,181300,-4500,-1700,5000,8600,11200,10800,19200,-3.391107762,-1.326053042,3.95256917,6.539923954,7.994289793,7.138136153,11.84454041
1403,681,117500,121200,114900,119500,121500,122600,127500,128900,3700,-6300,4600,2000,1100,4900,1400,3.14893617,-5.198019802,4.003481288,1.673640167,0.905349794,3.996737357,1.098039216
1404,782,60500,60500,55700,56100,54900,53900,57200,60100,0,-4800,400,-1200,-1000,3300,2900,0,-7.933884298,0.718132855,-2.139037433,-1.821493625,6.12244898,5.06993007
1405,1491,197400,121757,107198,135249,138468,144576,150072,161599,-75643,-14559,28051,3219,6108,5496,11527,-38.31965552,-11.95742339,26.16746581,2.380054566,4.411127481,3.801460823,7.680979796
1406,1289,94600,89400,82100,88300,95800,106400,110100,113700,-5200,-7300,6200,7500,10600,3700,3600,-5.496828753,-8.165548098,7.551766139,8.493771234,11.06471816,3.477443609,3.269754768
1407,1139,338700,315500,318000,313400,336300,350000,363200,382000,-23200,2500,-4600,22900,13700,13200,18800,-6.849719516,0.792393027,-1.446540881,7.306955967,4.073743681,3.771428571,5.176211454
1408,234,129900,128900,126300,130300,129200,136100,139100,148500,-1000,-2600,4000,-1100,6900,3000,9400,-0.769822941,-2.017067494,3.167062549,-0.844205679,5.340557276,2.204261572,6.757728253
1409,1835,74700,72000,69800,71600,73800,75500,80700,82100,-2700,-2200,1800,2200,1700,5200,1400,-3.614457831,-3.055555556,2.578796562,3.072625698,2.303523035,6.887417219,1.734820322
1410,1845,86900,84300,82500,82200,81200,82700,84300,85900,-2600,-1800,-300,-1000,1500,1600,1600,-2.991944764,-2.135231317,-0.363636364,-1.216545012,1.84729064,1.934703748,1.897983393
1411,1063,98300,95500,89600,93700,93500,93000,94800,95600,-2800,-5900,4100,-200,-500,1800,800,-2.848423194,-6.178010471,4.575892857,-0.213447172,-0.534759358,1.935483871,0.843881857
1412,2338,124500,113600,110600,118100,126100,137900,161300,170800,-10900,-3000,7500,8000,11800,23400,9500,-8.75502008,-2.64084507,6.78119349,6.773920406,9.357652657,16.96881798,5.889646621
1413,542,125500,153700,134900,130000,126700,119100,118700,127900,28200,-18800,-4900,-3300,-7600,-400,9200,22.47011952,-12.23162004,-3.632320237,-2.538461538,-5.998421468,-0.335852225,7.750631845
1414,417,228000,222300,213800,215300,225600,230700,237600,252300,-5700,-8500,1500,10300,5100,6900,14700,-2.5,-3.823661718,0.701590271,4.784022294,2.260638298,2.990897269,6.186868687
1415,908,142265,125972,128468,122395,129080,137099,148845,152022,-16293,2496,-6073,6685,8019,11746,3177,-11.45257091,1.98139269,-4.727247252,5.461824421,6.212426402,8.567531492,2.134435151
1416,979,73800,79500,70300,68400,72100,71800,73300,76100,5700,-9200,-1900,3700,-300,1500,2800,7.723577236,-11.57232704,-2.702702703,5.409356725,-0.416088766,2.08913649,3.819918145
1417,1815,139000,123800,119300,124900,129500,131000,134700,141700,-15200,-4500,5600,4600,1500,3700,7000,-10.9352518,-3.634894992,4.694048617,3.682946357,1.158301158,2.824427481,5.196733482
1418,1162,162800,151500,142300,146100,171000,192600,220300,242800,-11300,-9200,3800,24900,21600,27700,22500,-6.941031941,-6.072607261,2.670414617,17.04312115,12.63157895,14.38213915,10.21334544
1419,1755,89600,87500,86900,87600,92200,97600,101300,104800,-2100,-600,700,4600,5400,3700,3500,-2.34375,-0.685714286,0.80552359,5.251141553,5.856832972,3.790983607,3.455083909
1420,1948,125691,124619,123851,128757,133793,122547,121809,136087,-1072,-768,4906,5036,-11246,-738,14278,-0.85288525,-0.616278417,3.961211456,3.911243661,-8.405521963,-0.602217925,11.72162976
1421,2208,97900,95600,94500,99900,106200,111500,117500,122900,-2300,-1100,5400,6300,5300,6000,5400,-2.349336057,-1.150627615,5.714285714,6.306306306,4.990583804,5.381165919,4.595744681
1422,975,222600,205300,191000,203500,214200,229100,251600,278600,-17300,-14300,12500,10700,14900,22500,27000,-7.77178796,-6.965416464,6.544502618,5.257985258,6.95611578,9.821038848,10.73131955
1423,1923,181900,175800,172400,172000,175800,183000,193300,196700,-6100,-3400,-400,3800,7200,10300,3400,-3.353490929,-1.934015927,-0.232018561,2.209302326,4.09556314,5.628415301,1.758923952
1424,1753,199300,198100,199000,204600,210300,218600,224200,230800,-1200,900,5600,5700,8300,5600,6600,-0.602107376,0.454316002,2.814070352,2.785923754,3.946742748,2.561756633,2.943800178
1425,2084,78800,74600,56000,58300,55100,57400,58100,60800,-4200,-18600,2300,-3200,2300,700,2700,-5.329949239,-24.93297587,4.107142857,-5.488850772,4.174228675,1.219512195,4.647160069
1426,330,176700,172700,171600,175400,181000,194500,222700,237500,-4000,-1100,3800,5600,13500,28200,14800,-2.263723826,-0.636942675,2.214452214,3.192702395,7.458563536,14.49871465,6.64571172
1427,2869,66300,64500,64000,68600,74000,75100,78800,83600,-1800,-500,4600,5400,1100,3700,4800,-2.714932127,-0.775193798,7.1875,7.871720117,1.486486486,4.926764314,6.091370558
1428,1194,122900,113700,101600,105700,118700,127200,138300,153600,-9200,-12100,4100,13000,8500,11100,15300,-7.485760781,-10.64204046,4.035433071,12.29895932,7.160909857,8.726415094,11.06290672
1429,689,144200,136200,138600,132400,127800,135900,134400,133800,-8000,2400,-6200,-4600,8100,-1500,-600,-5.547850208,1.762114537,-4.473304473,-3.474320242,6.338028169,-1.103752759,-0.446428571
1430,93,317300,293700,277000,263900,268500,272900,279700,288100,-23600,-16700,-13100,4600,4400,6800,8400,-7.437756067,-5.686074225,-4.729241877,1.743084502,1.638733706,2.491755222,3.003217733
1431,1300,123700,118900,108800,105800,119200,131800,141000,151900,-4800,-10100,-3000,13400,12600,9200,10900,-3.880355699,-8.494533221,-2.757352941,12.66540643,10.5704698,6.980273141,7.730496454
1432,1827,126000,115300,111400,115000,122500,130900,140500,153000,-10700,-3900,3600,7500,8400,9600,12500,-8.492063492,-3.382480486,3.231597846,6.52173913,6.857142857,7.333842628,8.896797153
1433,446,126500,125300,122400,124700,125500,133000,137400,143100,-1200,-2900,2300,800,7500,4400,5700,-0.948616601,-2.314445331,1.879084967,0.641539695,5.976095618,3.308270677,4.148471616
1434,1760,110800,106500,103400,103300,106300,111200,113600,115400,-4300,-3100,-100,3000,4900,2400,1800,-3.880866426,-2.910798122,-0.096711799,2.904162633,4.609595484,2.158273381,1.584507042
1435,1496,133500,135300,121200,117400,116300,127400,127400,129100,1800,-14100,-3800,-1100,11100,0,1700,1.348314607,-10.42128603,-3.135313531,-0.936967632,9.544282029,0,1.334379906
1436,2896,65100,65600,66200,71500,77200,81900,82300,81000,500,600,5300,5700,4700,400,-1300,0.768049155,0.914634146,8.006042296,7.972027972,6.088082902,0.488400488,-1.579586877
1437,576,194300,186400,181100,181300,193300,191700,201300,212200,-7900,-5300,200,12000,-1600,9600,10900,-4.065877509,-2.843347639,0.110436223,6.618863762,-0.827728919,5.007824726,5.414803775
1438,1018,93700,103500,110300,113500,126100,127800,134600,133000,9800,6800,3200,12600,1700,6800,-1600,10.45891142,6.570048309,2.901178604,11.10132159,1.3481364,5.320813772,-1.188707281
1439,1361,166300,173100,169200,173100,177600,179900,185600,193100,6800,-3900,3900,4500,2300,5700,7500,4.088995791,-2.253032929,2.304964539,2.59965338,1.295045045,3.168426904,4.040948276
1440,273,110700,118700,111700,114800,118700,122800,125600,132400,8000,-7000,3100,3900,4100,2800,6800,7.226738934,-5.897219882,2.775290958,3.397212544,3.454085931,2.280130293,5.414012739
1441,1265,106200,102200,96100,98800,101300,98000,99000,97000,-4000,-6100,2700,2500,-3300,1000,-2000,-3.766478343,-5.968688845,2.809573361,2.530364372,-3.257650543,1.020408163,-2.02020202
1442,2489,53763,55307,56079,57080,61480,59457,53590,53794,1544,772,1001,4400,-2023,-5867,204,2.871863549,1.395845011,1.784981901,7.708479327,-3.290500976,-9.867635434,0.380668035
1443,2073,81000,80400,79000,80800,81900,84000,85100,87000,-600,-1400,1800,1100,2100,1100,1900,-0.740740741,-1.741293532,2.278481013,1.361386139,2.564102564,1.30952381,2.23266745
1444,1876,105500,103800,102800,103300,106800,111500,115800,123200,-1700,-1000,500,3500,4700,4300,7400,-1.611374408,-0.963391137,0.486381323,3.388189739,4.400749064,3.856502242,6.390328152
1445,2674,102600,99800,89800,88100,86800,86700,92700,101700,-2800,-10000,-1700,-1300,-100,6000,9000,-2.729044834,-10.02004008,-1.893095768,-1.475595914,-0.115207373,6.920415225,9.708737864
1446,737,77200,74700,74700,78000,78100,77400,82600,87900,-2500,0,3300,100,-700,5200,5300,-3.238341969,0,4.417670683,0.128205128,-0.896286812,6.718346253,6.416464891
1447,629,140800,141100,141200,138000,139600,144400,144800,150100,300,100,-3200,1600,4800,400,5300,0.213068182,0.070871722,-2.266288952,1.15942029,3.438395415,0.27700831,3.660220994
1448,1618,122400,123800,120700,118100,117700,118800,122100,127300,1400,-3100,-2600,-400,1100,3300,5200,1.14379085,-2.504038772,-2.154101077,-0.33869602,0.934579439,2.777777778,4.258804259
1449,15,113800,109300,104200,99700,103300,107600,110900,126600,-4500,-5100,-4500,3600,4300,3300,15700,-3.9543058,-4.666056725,-4.318618042,3.610832497,4.162633107,3.066914498,14.15689811
1450,1907,110000,88800,99900,94100,90200,94700,100700,112200,-21200,11100,-5800,-3900,4500,6000,11500,-19.27272727,12.5,-5.805805806,-4.144527099,4.988913525,6.335797254,11.42005958
1451,551,122800,122500,119500,121100,124500,136600,138000,150800,-300,-3000,1600,3400,12100,1400,12800,-0.244299674,-2.448979592,1.338912134,2.807597027,9.718875502,1.02489019,9.275362319
1452,1735,142000,125000,118000,121900,131200,141500,146600,156700,-17000,-7000,3900,9300,10300,5100,10100,-11.97183099,-5.6,3.305084746,7.629204266,7.850609756,3.604240283,6.889495225
1453,326,124000,119800,116800,117200,119800,120400,128800,134000,-4200,-3000,400,2600,600,8400,5200,-3.387096774,-2.504173623,0.342465753,2.218430034,0.500834725,6.976744186,4.037267081
1454,2253,87000,85000,80400,77700,85300,92100,97700,102700,-2000,-4600,-2700,7600,6800,5600,5000,-2.298850575,-5.411764706,-3.358208955,9.781209781,7.971864009,6.080347448,5.117707267
1455,52,231500,219600,198100,198600,219500,233100,252900,280700,-11900,-21500,500,20900,13600,19800,27800,-5.140388769,-9.790528233,0.252397779,10.52366566,6.195899772,8.494208494,10.99248715
1456,686,166700,163500,159500,161300,166700,173600,179000,185800,-3200,-4000,1800,5400,6900,5400,6800,-1.919616077,-2.44648318,1.128526646,3.347799132,4.139172166,3.110599078,3.798882682
1457,770,117000,112000,109000,112900,128100,123200,121600,121800,-5000,-3000,3900,15200,-4900,-1600,200,-4.273504274,-2.678571429,3.577981651,13.46324181,-3.825136612,-1.298701299,0.164473684
1458,1891,137400,120700,112100,118600,125100,131400,141500,146100,-16700,-8600,6500,6500,6300,10100,4600,-12.15429403,-7.125103563,5.798394291,5.480607083,5.035971223,7.686453577,3.250883392
1459,2319,65000,60600,52400,49400,49400,58100,62000,64000,-4400,-8200,-3000,0,8700,3900,2000,-6.769230769,-13.53135314,-5.72519084,0,17.61133603,6.712564544,3.225806452
1460,1609,93500,90900,91100,91100,91200,93300,98300,103700,-2600,200,0,100,2100,5000,5400,-2.780748663,0.220022002,0,0.109769484,2.302631579,5.359056806,5.493387589
1461,1489,158300,150900,148000,147300,147700,148600,141000,147200,-7400,-2900,-700,400,900,-7600,6200,-4.674668351,-1.921802518,-0.472972973,0.27155465,0.609343263,-5.114401077,4.397163121
1462,29,167000,152900,135100,145400,157700,160700,164600,176000,-14100,-17800,10300,12300,3000,3900,11400,-8.443113772,-11.64159581,7.623982235,8.459422283,1.902346227,2.42688239,6.925880923
1463,126,112700,105900,101800,129600,146600,154600,161100,174800,-6800,-4100,27800,17000,8000,6500,13700,-6.033717835,-3.871576959,27.30844794,13.11728395,5.457025921,4.204398448,8.504034761
1464,795,123900,122800,117600,120700,126500,130700,134100,145700,-1100,-5200,3100,5800,4200,3400,11600,-0.887812752,-4.234527687,2.636054422,4.805302403,3.320158103,2.6013772,8.650260999
1465,1170,133800,125300,114900,120500,135700,144900,163800,186400,-8500,-10400,5600,15200,9200,18900,22600,-6.352765321,-8.300079808,4.873803307,12.61410788,6.779661017,13.04347826,13.7973138
1466,963,829300,791100,801000,825700,863800,929900,960700,964000,-38200,9900,24700,38100,66100,30800,3300,-4.606294465,1.251422071,3.083645443,4.614266683,7.652234313,3.312184106,0.343499532
1467,242,118222,113287,108999,108162,106883,105306,106801,116829,-4935,-4288,-837,-1279,-1577,1495,10028,-4.174349952,-3.78507684,-0.767896953,-1.182485531,-1.475445113,1.419672193,9.389425193
1468,633,71600,70800,71400,68700,68200,67200,68200,74200,-800,600,-2700,-500,-1000,1000,6000,-1.117318436,0.847457627,-3.781512605,-0.727802038,-1.46627566,1.488095238,8.797653959
1469,503,95100,94900,91000,92300,89400,90800,92600,93400,-200,-3900,1300,-2900,1400,1800,800,-0.210304942,-4.109589041,1.428571429,-3.141928494,1.565995526,1.982378855,0.863930886
1470,137,315700,296300,283300,311200,371800,387400,408600,438800,-19400,-13000,27900,60600,15600,21200,30200,-6.145074438,-4.387445157,9.848217437,19.47300771,4.195804196,5.472379969,7.391091532
1471,2216,202600,197400,190600,196300,199400,200300,208700,210100,-5200,-6800,5700,3100,900,8400,1400,-2.566633761,-3.444782168,2.990556139,1.579215487,0.451354062,4.193709436,0.670819358
1472,1383,177800,175100,171900,170800,173800,186600,190900,203500,-2700,-3200,-1100,3000,12800,4300,12600,-1.51856018,-1.827527127,-0.639906923,1.756440281,7.364787112,2.304394427,6.600314301
1473,778,93000,104200,99500,102800,114400,123900,129200,139100,11200,-4700,3300,11600,9500,5300,9900,12.04301075,-4.510556622,3.316582915,11.28404669,8.304195804,4.277643261,7.6625387
1474,2386,149800,150800,151300,154500,156600,163100,166000,176200,1000,500,3200,2100,6500,2900,10200,0.667556742,0.331564987,2.115003305,1.359223301,4.150702427,1.778050276,6.144578313
1475,926,238000,194200,177800,183200,197400,203700,224500,234500,-43800,-16400,5400,14200,6300,20800,10000,-18.40336134,-8.444902163,3.03712036,7.751091703,3.191489362,10.21109475,4.454342984
1476,96,291200,283700,272700,273300,292800,299600,314500,339300,-7500,-11000,600,19500,6800,14900,24800,-2.575549451,-3.877335213,0.220022002,7.135016465,2.322404372,4.97329773,7.885532591
1477,853,44200,45300,44500,43800,47700,50000,51100,54800,1100,-800,-700,3900,2300,1100,3700,2.488687783,-1.766004415,-1.573033708,8.904109589,4.821802935,2.2,7.240704501
1478,2220,89400,91400,90500,93500,98900,105500,112300,118800,2000,-900,3000,5400,6600,6800,6500,2.237136465,-0.984682713,3.314917127,5.77540107,6.673407482,6.44549763,5.788067676
1479,915,80100,80200,79400,77100,77400,84800,85000,82200,100,-800,-2300,300,7400,200,-2800,0.124843945,-0.997506234,-2.896725441,0.389105058,9.560723514,0.235849057,-3.294117647
1480,1185,113800,100400,91900,93400,107800,121000,130500,144800,-13400,-8500,1500,14400,13200,9500,14300,-11.77504394,-8.466135458,1.632208923,15.41755889,12.24489796,7.851239669,10.95785441
1481,1602,79900,70800,58900,65700,71900,71800,73100,78100,-9100,-11900,6800,6200,-100,1300,5000,-11.38923655,-16.8079096,11.54499151,9.436834094,-0.139082058,1.810584958,6.83994528
1482,112,138800,134200,131900,135300,139900,145700,152800,163700,-4600,-2300,3400,4600,5800,7100,10900,-3.314121037,-1.713859911,2.577710387,3.39985218,4.145818442,4.873026767,7.133507853
1483,2161,115443,117416,115775,126956,133941,145160,157000,169333,1973,-1641,11181,6985,11219,11840,12333,1.709068545,-1.397594876,9.657525372,5.501906172,8.376076033,8.156516947,7.855414013
1484,1722,105096,82243,72896,79029,80753,91539,110596,117805,-22853,-9347,6133,1724,10786,19057,7209,-21.74488087,-11.36510098,8.413356014,2.181477685,13.35677931,20.81844897,6.518318927
1485,1858,188200,176000,160400,157800,160800,176900,186100,191200,-12200,-15600,-2600,3000,16100,9200,5100,-6.482465462,-8.863636364,-1.620947631,1.901140684,10.01243781,5.200678349,2.740462117
1486,454,204800,187600,178000,182700,189400,200800,222600,251200,-17200,-9600,4700,6700,11400,21800,28600,-8.3984375,-5.117270789,2.640449438,3.667214012,6.019007392,10.85657371,12.84815813
1487,967,69200,69500,68100,69900,71700,75700,80400,86000,300,-1400,1800,1800,4000,4700,5600,0.433526012,-2.014388489,2.643171806,2.575107296,5.578800558,6.208718626,6.965174129
1488,1564,93800,94600,95200,98200,103800,109400,115500,124100,800,600,3000,5600,5600,6100,8600,0.852878465,0.634249471,3.151260504,5.702647658,5.394990366,5.575868373,7.445887446
1489,646,128700,128900,119400,121500,129400,132700,140900,149700,200,-9500,2100,7900,3300,8200,8800,0.155400155,-7.370054306,1.75879397,6.502057613,2.550231839,6.179351922,6.24556423
1490,719,69600,68000,71000,70800,70000,67900,70000,79800,-1600,3000,-200,-800,-2100,2100,9800,-2.298850575,4.411764706,-0.281690141,-1.129943503,-3,3.092783505,14
1491,517,97200,96200,91400,90900,91100,94000,95900,99600,-1000,-4800,-500,200,2900,1900,3700,-1.028806584,-4.98960499,-0.547045952,0.220022002,3.183315038,2.021276596,3.85818561
1492,1953,277700,273700,260500,259800,261800,266000,272800,282900,-4000,-13200,-700,2000,4200,6800,10100,-1.440403313,-4.822798685,-0.268714012,0.769822941,1.604278075,2.556390977,3.702346041
1493,255,132500,130500,125000,128500,126100,127600,137000,140100,-2000,-5500,3500,-2400,1500,9400,3100,-1.509433962,-4.214559387,2.8,-1.86770428,1.189532117,7.36677116,2.262773723
1494,472,128300,128900,125600,125400,130400,132500,140600,147800,600,-3300,-200,5000,2100,8100,7200,0.467653936,-2.560124127,-0.159235669,3.987240829,1.610429448,6.113207547,5.120910384
1495,250,162900,169400,167700,172200,168000,166000,175500,181100,6500,-1700,4500,-4200,-2000,9500,5600,3.990178023,-1.003541913,2.683363148,-2.43902439,-1.19047619,5.722891566,3.190883191
1496,389,159900,143400,136900,128600,138000,137400,136200,138900,-16500,-6500,-8300,9400,-600,-1200,2700,-10.31894934,-4.532775453,-6.062819576,7.309486781,-0.434782609,-0.873362445,1.982378855
1497,1784,115400,114900,113800,113400,113600,117100,123500,128900,-500,-1100,-400,200,3500,6400,5400,-0.433275563,-0.957354221,-0.351493849,0.176366843,3.080985915,5.465414176,4.372469636
1498,1844,142300,143300,144600,147000,148800,154000,163400,172400,1000,1300,2400,1800,5200,9400,9000,0.702740689,0.907187718,1.659751037,1.224489796,3.494623656,6.103896104,5.507955936
1499,475,74000,72900,72100,69500,69700,66300,69100,77900,-1100,-800,-2600,200,-3400,2800,8800,-1.486486486,-1.09739369,-3.606102635,0.287769784,-4.87804878,4.223227753,12.73516643
1500,395,105400,104900,104800,106100,106600,105500,110400,117800,-500,-100,1300,500,-1100,4900,7400,-0.474383302,-0.095328885,1.240458015,0.471253534,-1.031894934,4.644549763,6.702898551
1501,3037,72981,73691,73316,75064,69581,76213,85326,96140,710,-375,1748,-5483,6632,9113,10814,0.972855949,-0.508881682,2.384199902,-7.30443355,9.531337578,11.95727763,12.6737454
1502,1330,74500,72400,74500,74900,76800,77000,79200,82300,-2100,2100,400,1900,200,2200,3100,-2.818791946,2.900552486,0.536912752,2.536715621,0.260416667,2.857142857,3.914141414
1503,2422,178500,178500,178300,178100,177800,177500,176900,189000,0,-200,-200,-300,-300,-600,12100,0,-0.112044818,-0.112170499,-0.168444694,-0.168728909,-0.338028169,6.840022612
1504,2892,111800,104200,101200,104900,112900,119800,130300,145400,-7600,-3000,3700,8000,6900,10500,15100,-6.797853309,-2.879078695,3.656126482,7.626310772,6.111603189,8.764607679,11.5886416
1505,935,113600,114300,115600,118800,123200,124700,130000,132200,700,1300,3200,4400,1500,5300,2200,0.616197183,1.13735783,2.76816609,3.703703704,1.217532468,4.250200481,1.692307692
1506,1756,244500,229400,216600,219400,224400,231800,242500,252800,-15100,-12800,2800,5000,7400,10700,10300,-6.175869121,-5.579773322,1.292705448,2.278942571,3.297682709,4.616048318,4.24742268
1507,668,104037,138800,123200,104900,90000,91800,94400,95400,34763,-15600,-18300,-14900,1800,2600,1000,33.41407384,-11.23919308,-14.8538961,-14.20400381,2,2.832244009,1.059322034
1508,1945,74900,69600,60100,58900,62800,67000,69700,74200,-5300,-9500,-1200,3900,4200,2700,4500,-7.076101469,-13.64942529,-1.996672213,6.62139219,6.687898089,4.029850746,6.456241033
1509,1011,97700,88900,80700,89000,90000,85200,96500,98200,-8800,-8200,8300,1000,-4800,11300,1700,-9.00716479,-9.223847019,10.2850062,1.123595506,-5.333333333,13.2629108,1.761658031
1510,869,105700,105500,101500,98500,100100,101600,105200,106800,-200,-4000,-3000,1600,1500,3600,1600,-0.189214759,-3.791469194,-2.955665025,1.624365482,1.498501499,3.543307087,1.520912548
1511,1657,174100,168400,158100,169500,178000,169800,173300,180300,-5700,-10300,11400,8500,-8200,3500,7000,-3.273980471,-6.116389549,7.210626186,5.014749263,-4.606741573,2.061248528,4.039238315
1512,42,221900,202000,183600,193000,216200,234600,245600,262500,-19900,-18400,9400,23200,18400,11000,16900,-8.968003605,-9.108910891,5.119825708,12.02072539,8.510638298,4.688832055,6.881107492
1513,120,269400,276300,279100,295400,318900,320300,333000,342900,6900,2800,16300,23500,1400,12700,9900,2.561247216,1.013391241,5.840200645,7.955314827,0.439009094,3.965032782,2.972972973
1514,70,200300,192100,169500,169900,176300,185900,193500,217400,-8200,-22600,400,6400,9600,7600,23900,-4.093859211,-11.76470588,0.235988201,3.766921719,5.445263755,4.088219473,12.35142119
1515,263,111400,111300,104000,102200,108900,109000,119800,131800,-100,-7300,-1800,6700,100,10800,12000,-0.089766607,-6.558849955,-1.730769231,6.555772994,0.091827365,9.908256881,10.01669449
1516,124,121900,121500,116000,117700,119400,117300,124200,128400,-400,-5500,1700,1700,-2100,6900,4200,-0.328137818,-4.526748971,1.465517241,1.444350042,-1.75879397,5.882352941,3.381642512
1517,2111,74900,74500,73100,73500,72400,74100,75200,77200,-400,-1400,400,-1100,1700,1100,2000,-0.534045394,-1.879194631,0.547195622,-1.496598639,2.348066298,1.484480432,2.659574468
1518,1473,96800,89900,96200,99800,101300,99500,106700,104300,-6900,6300,3600,1500,-1800,7200,-2400,-7.128099174,7.007786429,3.742203742,1.503006012,-1.776900296,7.236180905,-2.249297095
1519,1519,137200,133500,130500,132300,142400,142500,145300,141600,-3700,-3000,1800,10100,100,2800,-3700,-2.696793003,-2.247191011,1.379310345,7.634164777,0.070224719,1.964912281,-2.546455609
1520,747,108700,105900,103200,104400,103900,106400,107000,109500,-2800,-2700,1200,-500,2500,600,2500,-2.575896964,-2.549575071,1.162790698,-0.478927203,2.406159769,0.563909774,2.336448598
1521,1426,92800,83300,78500,78600,74700,78900,70400,75800,-9500,-4800,100,-3900,4200,-8500,5400,-10.23706897,-5.762304922,0.127388535,-4.961832061,5.62248996,-10.77313054,7.670454545
1522,1852,180400,161800,149200,156500,167400,175400,175000,184200,-18600,-12600,7300,10900,8000,-400,9200,-10.31042129,-7.787391842,4.892761394,6.96485623,4.778972521,-0.228050171,5.257142857
1523,1633,108200,108300,107300,107300,108100,112300,114800,121100,100,-1000,0,800,4200,2500,6300,0.092421442,-0.923361034,0,0.745573159,3.885291397,2.226179875,5.487804878
1524,373,336300,327300,299100,292900,294200,305200,297200,315700,-9000,-28200,-6200,1300,11000,-8000,18500,-2.67618198,-8.615948671,-2.072885323,0.443837487,3.738953093,-2.621231979,6.224764468
1525,749,101200,99600,106900,112900,108600,113100,122200,126000,-1600,7300,6000,-4300,4500,9100,3800,-1.581027668,7.329317269,5.61272217,-3.808680248,4.143646409,8.045977011,3.109656301
1526,1432,112000,110700,109200,111900,111200,118300,122300,131500,-1300,-1500,2700,-700,7100,4000,9200,-1.160714286,-1.35501355,2.472527473,-0.625558534,6.384892086,3.38123415,7.522485691
1527,1500,130800,133800,132900,140600,143500,145400,147400,148500,3000,-900,7700,2900,1900,2000,1100,2.293577982,-0.67264574,5.793829947,2.062588905,1.324041812,1.375515818,0.746268657
1528,2540,200900,200900,200800,200800,200700,200600,200100,211400,0,-100,0,-100,-100,-500,11300,0,-0.049776008,0,-0.049800797,-0.04982561,-0.249252243,5.647176412
1529,610,300500,289400,274200,276700,297100,301300,292800,299500,-11100,-15200,2500,20400,4200,-8500,6700,-3.693843594,-5.252246026,0.911743253,7.37260571,1.413665433,-2.82110853,2.288251366
1530,7,428200,406700,411700,415200,444400,479600,515600,565200,-21500,5000,3500,29200,35200,36000,49600,-5.021018216,1.229407426,0.850133592,7.032755299,7.920792079,7.506255213,9.619860357
1531,1916,157400,139100,126000,127500,135000,137800,142400,148800,-18300,-13100,1500,7500,2800,4600,6400,-11.62642948,-9.417685119,1.19047619,5.882352941,2.074074074,3.338171263,4.494382022
1532,218,182500,174900,162200,164400,169000,172400,179900,187100,-7600,-12700,2200,4600,3400,7500,7200,-4.164383562,-7.261292167,1.356350185,2.798053528,2.01183432,4.350348028,4.002223457
1533,1961,72200,72300,77400,81400,84800,91800,94600,102200,100,5100,4000,3400,7000,2800,7600,0.138504155,7.053941909,5.167958656,4.176904177,8.254716981,3.050108932,8.033826638
1534,1408,72000,76200,76900,76800,76800,78800,79800,78400,4200,700,-100,0,2000,1000,-1400,5.833333333,0.918635171,-0.130039012,0,2.604166667,1.269035533,-1.754385965
1535,92,180000,165300,148400,157500,177400,188900,196200,214400,-14700,-16900,9100,19900,11500,7300,18200,-8.166666667,-10.22383545,6.132075472,12.63492063,6.482525366,3.86447856,9.276248726
1536,2531,82600,83600,88500,96000,105200,113500,123500,131100,1000,4900,7500,9200,8300,10000,7600,1.210653753,5.861244019,8.474576271,9.583333333,7.88973384,8.810572687,6.153846154
1537,1332,136300,134000,135000,135500,140800,143000,148900,159700,-2300,1000,500,5300,2200,5900,10800,-1.687454145,0.746268657,0.37037037,3.911439114,1.5625,4.125874126,7.25319006
1538,2047,57800,57700,57100,56800,55800,56700,60000,64500,-100,-600,-300,-1000,900,3300,4500,-0.173010381,-1.039861352,-0.525394046,-1.76056338,1.612903226,5.82010582,7.5
1539,1796,80400,78600,76600,76200,77200,89500,90200,92900,-1800,-2000,-400,1000,12300,700,2700,-2.23880597,-2.544529262,-0.522193211,1.312335958,15.93264249,0.782122905,2.993348115
1540,1301,115400,112100,109500,111900,109000,110000,114300,121600,-3300,-2600,2400,-2900,1000,4300,7300,-2.859618718,-2.319357716,2.191780822,-2.591599643,0.917431193,3.909090909,6.386701662
1541,1302,137000,138800,136400,138600,139700,150000,154600,161100,1800,-2400,2200,1100,10300,4600,6500,1.313868613,-1.729106628,1.612903226,0.793650794,7.372942019,3.066666667,4.204398448
1542,1318,104900,99700,89300,87700,89600,104900,104200,118300,-5200,-10400,-1600,1900,15300,-700,14100,-4.957102002,-10.43129388,-1.791713326,2.166476625,17.07589286,-0.667302193,13.53166987
1543,1611,166600,160900,160600,164400,170800,178200,179700,180600,-5700,-300,3800,6400,7400,1500,900,-3.421368547,-0.186451212,2.366127024,3.892944039,4.332552693,0.841750842,0.500834725
1544,2709,86600,84100,84400,84800,84800,84800,84400,90800,-2500,300,400,0,0,-400,6400,-2.886836028,0.356718193,0.473933649,0,0,-0.471698113,7.582938389
1545,1057,75839,77773,76815,79955,84302,89614,97419,97142,1934,-958,3140,4347,5312,7805,-277,2.55013911,-1.231789953,4.087743279,5.436808205,6.30115537,8.709576629,-0.284338784
1546,2416,64500,63500,62600,64200,68100,72600,76000,75100,-1000,-900,1600,3900,4500,3400,-900,-1.550387597,-1.417322835,2.555910543,6.074766355,6.607929515,4.683195592,-1.184210526
1547,1464,84400,79100,80600,79600,77400,79200,83100,85600,-5300,1500,-1000,-2200,1800,3900,2500,-6.279620853,1.896333755,-1.240694789,-2.763819095,2.325581395,4.924242424,3.008423586
1548,262,168300,165700,162000,160700,163100,165600,165200,170900,-2600,-3700,-1300,2400,2500,-400,5700,-1.544860368,-2.232951116,-0.802469136,1.493466086,1.532801962,-0.241545894,3.450363196
1549,2282,79493,73688,71888,81031,77142,81981,84264,90585,-5805,-1800,9143,-3889,4839,2283,6321,-7.302529782,-2.442731517,12.71839528,-4.799397761,6.272847476,2.784791598,7.501424096
1550,1715,86100,87100,89700,85700,89300,92700,95500,98000,1000,2600,-4000,3600,3400,2800,2500,1.161440186,2.985074627,-4.459308807,4.200700117,3.807390817,3.020496224,2.617801047
1551,501,159500,153200,143900,158200,163900,166700,182100,194900,-6300,-9300,14300,5700,2800,15400,12800,-3.94984326,-6.070496084,9.937456567,3.603034134,1.708358755,9.23815237,7.029104887
1552,2606,54700,53200,50300,52300,50400,44800,54000,66600,-1500,-2900,2000,-1900,-5600,9200,12600,-2.742230347,-5.45112782,3.976143141,-3.632887189,-11.11111111,20.53571429,23.33333333
1553,2496,71600,73000,86200,85800,82600,82500,73900,78900,1400,13200,-400,-3200,-100,-8600,5000,1.955307263,18.08219178,-0.464037123,-3.72960373,-0.121065375,-10.42424242,6.765899865
1554,2510,80900,81100,85000,91500,98400,104000,107300,110400,200,3900,6500,6900,5600,3300,3100,0.247218789,4.808877928,7.647058824,7.540983607,5.691056911,3.173076923,2.889095993
1555,317,82300,83600,75800,80200,78500,81800,84500,86000,1300,-7800,4400,-1700,3300,2700,1500,1.579586877,-9.330143541,5.80474934,-2.119700748,4.203821656,3.300733496,1.775147929
1556,123,131400,127100,119600,115500,114100,113500,114800,127100,-4300,-7500,-4100,-1400,-600,1300,12300,-3.272450533,-5.90086546,-3.428093645,-1.212121212,-0.525854514,1.145374449,10.71428571
1557,204,157800,154500,135600,141000,145800,149900,156500,174700,-3300,-18900,5400,4800,4100,6600,18200,-2.091254753,-12.23300971,3.982300885,3.404255319,2.812071331,4.40293529,11.62939297
1558,1254,86900,80800,77400,80100,74700,78100,80000,82000,-6100,-3400,2700,-5400,3400,1900,2000,-7.019562716,-4.207920792,3.488372093,-6.741573034,4.551539491,2.432778489,2.5
1559,101,380600,383300,358000,360000,374600,390400,410200,449700,2700,-25300,2000,14600,15800,19800,39500,0.709406201,-6.600573963,0.558659218,4.055555556,4.217832355,5.071721311,9.629449049
1560,1435,167200,148600,149400,155900,153800,160500,166500,166900,-18600,800,6500,-2100,6700,6000,400,-11.12440191,0.538358008,4.350736278,-1.347017319,4.356306892,3.738317757,0.24024024
1561,1954,98800,104000,107000,106000,105400,110700,120300,129100,5200,3000,-1000,-600,5300,9600,8800,5.263157895,2.884615385,-0.934579439,-0.566037736,5.028462998,8.672086721,7.315045719
1562,1738,101100,100500,99100,99700,98400,99800,100300,101200,-600,-1400,600,-1300,1400,500,900,-0.59347181,-1.393034826,0.605449041,-1.303911735,1.422764228,0.501002004,0.897308076
1563,8,213500,211300,198800,218800,269500,293800,312400,335100,-2200,-12500,20000,50700,24300,18600,22700,-1.030444965,-5.915759584,10.06036217,23.17184644,9.016697588,6.330837304,7.266325224
1564,1506,108400,107100,100500,102900,101600,104100,109300,111500,-1300,-6600,2400,-1300,2500,5200,2200,-1.199261993,-6.162464986,2.388059701,-1.263362488,2.460629921,4.995196926,2.012808783
1565,384,115200,111800,106600,103800,103500,108900,111200,110600,-3400,-5200,-2800,-300,5400,2300,-600,-2.951388889,-4.651162791,-2.626641651,-0.289017341,5.217391304,2.112029385,-0.539568345
1566,400,172300,166800,157500,166000,168700,167700,168700,174900,-5500,-9300,8500,2700,-1000,1000,6200,-3.19210679,-5.575539568,5.396825397,1.626506024,-0.592768228,0.596302922,3.675163011
1567,490,131400,129600,123700,122700,130100,139200,146400,162900,-1800,-5900,-1000,7400,9100,7200,16500,-1.369863014,-4.552469136,-0.808407437,6.030969845,6.994619523,5.172413793,11.2704918
1568,2272,68700,68400,67100,68900,72800,76900,78300,78000,-300,-1300,1800,3900,4100,1400,-300,-0.436681223,-1.900584795,2.682563338,5.660377358,5.631868132,1.820546164,-0.383141762
1569,301,69800,68900,65000,65400,63400,60000,62700,64000,-900,-3900,400,-2000,-3400,2700,1300,-1.289398281,-5.660377358,0.615384615,-3.058103976,-5.362776025,4.5,2.073365231
1570,1295,92400,91500,88700,86600,88400,89700,90100,88900,-900,-2800,-2100,1800,1300,400,-1200,-0.974025974,-3.06010929,-2.367531003,2.07852194,1.470588235,0.445930881,-1.331853496
1571,258,112800,112300,103800,106800,107800,113800,118900,135400,-500,-8500,3000,1000,6000,5100,16500,-0.443262411,-7.569011576,2.89017341,0.936329588,5.565862709,4.481546573,13.87720774
1572,889,172500,155300,152400,158100,159100,159100,165400,165600,-17200,-2900,5700,1000,0,6300,200,-9.971014493,-1.867353509,3.74015748,0.632511069,0,3.959773727,0.120918984
1573,1391,114300,106000,96200,84000,96100,111500,112400,124300,-8300,-9800,-12200,12100,15400,900,11900,-7.261592301,-9.245283019,-12.68191268,14.4047619,16.02497399,0.807174888,10.58718861
1574,1376,70700,68200,63300,64300,63600,64600,64400,65100,-2500,-4900,1000,-700,1000,-200,700,-3.536067893,-7.184750733,1.579778831,-1.088646967,1.572327044,-0.309597523,1.086956522
1575,1220,253300,246600,236900,239000,260000,266700,280800,301200,-6700,-9700,2100,21000,6700,14100,20400,-2.64508488,-3.933495539,0.886449979,8.786610879,2.576923077,5.286839145,7.264957265
1576,450,169600,165700,164900,162900,166000,173800,175400,179500,-3900,-800,-2000,3100,7800,1600,4100,-2.299528302,-0.482800241,-1.212856277,1.90300798,4.698795181,0.920598389,2.337514253
1577,147,402300,399000,373800,366200,377000,389300,396600,408300,-3300,-25200,-7600,10800,12300,7300,11700,-0.820283371,-6.315789474,-2.03317282,2.949208083,3.262599469,1.875160545,2.950075643
1578,438,190100,176900,178100,187100,187700,201800,218300,249500,-13200,1200,9000,600,14100,16500,31200,-6.943713835,0.67834935,5.05334082,0.320684126,7.511987214,8.176412289,14.29225836
1579,1147,60300,66000,64800,65900,66400,66400,66000,80900,5700,-1200,1100,500,0,-400,14900,9.452736318,-1.818181818,1.697530864,0.758725341,0,-0.602409639,22.57575758
1580,416,131900,130000,130100,129000,132500,130000,135500,150200,-1900,100,-1100,3500,-2500,5500,14700,-1.440485216,0.076923077,-0.845503459,2.713178295,-1.886792453,4.230769231,10.84870849
1581,1810,68800,67700,68000,70100,66700,73600,81400,84200,-1100,300,2100,-3400,6900,7800,2800,-1.598837209,0.443131462,3.088235294,-4.85021398,10.34482759,10.59782609,3.43980344
1582,442,90800,91600,91700,88700,88600,90500,104700,101200,800,100,-3000,-100,1900,14200,-3500,0.881057269,0.109170306,-3.271537623,-0.112739572,2.144469526,15.69060773,-3.342884432
1583,868,379100,335400,318100,333500,354400,376500,415200,443400,-43700,-17300,15400,20900,22100,38700,28200,-11.5273015,-5.158020274,4.841244892,6.266866567,6.235891648,10.27888446,6.791907514
1584,291,119100,112900,106800,106600,100100,105900,113000,120500,-6200,-6100,-200,-6500,5800,7100,7500,-5.205709488,-5.403011515,-0.187265918,-6.097560976,5.794205794,6.704438149,6.637168142
1585,2677,79800,84400,84400,84400,83900,83900,83800,91400,4600,0,0,-500,0,-100,7600,5.764411028,0,0,-0.592417062,0,-0.119189511,9.069212411
1586,1897,86500,85300,82800,84900,82100,83000,86000,89900,-1200,-2500,2100,-2800,900,3000,3900,-1.387283237,-2.930832356,2.536231884,-3.297997644,1.096224117,3.614457831,4.534883721
1587,1511,90600,90400,90700,93000,97600,104000,110200,119000,-200,300,2300,4600,6400,6200,8800,-0.220750552,0.331858407,2.535832415,4.946236559,6.557377049,5.961538462,7.985480944
1588,569,101200,92600,88700,85800,83700,79900,81700,84100,-8600,-3900,-2900,-2100,-3800,1800,2400,-8.498023715,-4.211663067,-3.269447576,-2.447552448,-4.540023895,2.25281602,2.937576499
1589,2424,71700,65000,61100,58800,57100,58300,57100,59100,-6700,-3900,-2300,-1700,1200,-1200,2000,-9.344490934,-6,-3.764320786,-2.891156463,2.101576182,-2.058319039,3.50262697
1590,481,104800,99400,92800,91200,94200,96900,98000,105900,-5400,-6600,-1600,3000,2700,1100,7900,-5.152671756,-6.639839034,-1.724137931,3.289473684,2.866242038,1.135190918,8.06122449
1591,168,140500,135700,131400,135500,140300,151100,166100,185000,-4800,-4300,4100,4800,10800,15000,18900,-3.416370107,-3.168754606,3.120243531,3.542435424,7.697790449,9.927200529,11.37868754
1592,519,144800,148400,148300,145200,145800,146300,144800,147800,3600,-100,-3100,600,500,-1500,3000,2.486187845,-0.067385445,-2.090357384,0.41322314,0.342935528,-1.025290499,2.071823204
1593,19,209800,197000,173200,196000,253700,266700,290600,320100,-12800,-23800,22800,57700,13000,23900,29500,-6.101048618,-12.08121827,13.16397229,29.43877551,5.124162397,8.961379828,10.15141087
1594,742,159800,168000,160800,163000,168600,176200,181500,192200,8200,-7200,2200,5600,7600,5300,10700,5.131414268,-4.285714286,1.368159204,3.435582822,4.507710558,3.007945516,5.895316804
1595,1255,85000,83700,79300,77000,84000,87700,88200,94500,-1300,-4400,-2300,7000,3700,500,6300,-1.529411765,-5.256869773,-2.90037831,9.090909091,4.404761905,0.570125428,7.142857143
1596,1656,106300,102500,99300,97300,101000,111800,124600,140500,-3800,-3200,-2000,3700,10800,12800,15900,-3.574788335,-3.12195122,-2.014098691,3.802672148,10.69306931,11.4490161,12.76083467
1597,1515,173400,171500,169800,171900,167300,177300,173600,187700,-1900,-1700,2100,-4600,10000,-3700,14100,-1.095732411,-0.991253644,1.236749117,-2.675974404,5.977286312,-2.086858432,8.122119816
1598,132,181300,178600,165700,169700,173400,179900,192300,204700,-2700,-12900,4000,3700,6500,12400,12400,-1.489244346,-7.222844345,2.414001207,2.180318209,3.748558247,6.892718177,6.44825793
1599,424,145900,143000,139400,139600,145900,145800,149600,152900,-2900,-3600,200,6300,-100,3800,3300,-1.987662783,-2.517482517,0.143472023,4.512893983,-0.068540096,2.606310014,2.205882353
1600,1229,95900,91800,83200,85900,81800,84300,85100,89000,-4100,-8600,2700,-4100,2500,800,3900,-4.275286757,-9.368191721,3.245192308,-4.772991851,3.056234719,0.948991696,4.582843713
1601,1280,86000,79100,79500,79200,96200,103200,113300,127100,-6900,400,-300,17000,7000,10100,13800,-8.023255814,0.505689001,-0.377358491,21.46464646,7.276507277,9.786821705,12.18005296
1602,2359,85600,82600,83400,85500,85300,92000,98300,102900,-3000,800,2100,-200,6700,6300,4600,-3.504672897,0.968523002,2.517985612,-0.233918129,7.854630715,6.847826087,4.679552391
1603,422,183600,176900,169900,177500,186200,189700,209300,226200,-6700,-7000,7600,8700,3500,19600,16900,-3.649237473,-3.957037875,4.473219541,4.901408451,1.879699248,10.33210332,8.074534161
1604,1461,83600,81100,81300,79000,79600,83500,92100,97000,-2500,200,-2300,600,3900,8600,4900,-2.990430622,0.246609125,-2.82902829,0.759493671,4.899497487,10.2994012,5.320304017
1605,2706,81900,69100,67700,66100,64500,67500,70200,72700,-12800,-1400,-1600,-1600,3000,2700,2500,-15.62881563,-2.026049204,-2.363367799,-2.420574887,4.651162791,4,3.561253561
1606,1560,125800,125000,124800,127100,126900,129600,134900,137700,-800,-200,2300,-200,2700,5300,2800,-0.635930048,-0.16,1.842948718,-0.157356412,2.127659574,4.089506173,2.075611564
1607,1261,230700,213200,203800,211100,224800,241500,259000,277200,-17500,-9400,7300,13700,16700,17500,18200,-7.585609016,-4.409005629,3.581943081,6.489815253,7.428825623,7.246376812,7.027027027
1608,1233,103362,100772,98792,92943,89983,85256,93480,105517,-2590,-1980,-5849,-2960,-4727,8224,12037,-2.505756468,-1.964831501,-5.92051988,-3.184747641,-5.253214496,9.646241907,12.87655113
1609,1477,73667,72677,72422,75168,75953,79913,81090,86483,-990,-255,2746,785,3960,1177,5393,-1.343885322,-0.350867537,3.791665516,1.044327373,5.213750609,1.472851726,6.650635097
1610,1394,88800,82400,89200,94800,102300,109400,117100,115900,-6400,6800,5600,7500,7100,7700,-1200,-7.207207207,8.252427184,6.278026906,7.911392405,6.940371457,7.038391225,-1.024765158
1611,344,67200,73500,70500,72900,71900,72200,74600,74100,6300,-3000,2400,-1000,300,2400,-500,9.375,-4.081632653,3.404255319,-1.371742112,0.417246175,3.324099723,-0.670241287
1612,143,117300,116000,103400,109200,94800,98500,101000,111600,-1300,-12600,5800,-14400,3700,2500,10600,-1.108269395,-10.86206897,5.609284333,-13.18681319,3.902953586,2.538071066,10.4950495
1613,212,119100,116500,114800,116300,120100,124800,127700,134500,-2600,-1700,1500,3800,4700,2900,6800,-2.183039463,-1.459227468,1.306620209,3.267411866,3.913405495,2.323717949,5.324980423
1614,28,157500,149300,136600,139000,143800,146900,156700,166400,-8200,-12700,2400,4800,3100,9800,9700,-5.206349206,-8.506363027,1.756954612,3.45323741,2.155771905,6.671204901,6.190172304
1615,1225,102700,96300,94800,100100,118300,130900,150500,175200,-6400,-1500,5300,18200,12600,19600,24700,-6.231742941,-1.557632399,5.5907173,18.18181818,10.65088757,14.97326203,16.41196013
1616,2009,71741,70000,68600,67300,72600,75400,78400,85600,-1741,-1400,-1300,5300,2800,3000,7200,-2.426785241,-2,-1.895043732,7.875185736,3.856749311,3.978779841,9.183673469
1617,357,266000,259000,249900,252200,258600,255500,253800,259100,-7000,-9100,2300,6400,-3100,-1700,5300,-2.631578947,-3.513513514,0.920368147,2.537668517,-1.198762568,-0.665362035,2.088258471
1618,1244,174800,166400,159700,151900,160400,169700,170200,186700,-8400,-6700,-7800,8500,9300,500,16500,-4.805491991,-4.026442308,-4.884157796,5.595786702,5.798004988,0.294637596,9.694477086
1619,848,148000,144900,140500,138400,141000,143500,145500,148200,-3100,-4400,-2100,2600,2500,2000,2700,-2.094594595,-3.03657695,-1.494661922,1.878612717,1.773049645,1.393728223,1.855670103
1620,492,161000,154400,144600,137300,145600,140700,138400,140400,-6600,-9800,-7300,8300,-4900,-2300,2000,-4.099378882,-6.347150259,-5.048409405,6.045156591,-3.365384615,-1.634683724,1.445086705
1621,353,131400,128000,124000,125200,130400,133000,135500,142100,-3400,-4000,1200,5200,2600,2500,6600,-2.587519026,-3.125,0.967741935,4.153354633,1.993865031,1.879699248,4.870848708
1622,2486,39700,43700,43800,45200,43200,42800,43600,45000,4000,100,1400,-2000,-400,800,1400,10.07556675,0.228832952,3.196347032,-4.424778761,-0.925925926,1.869158879,3.211009174
1623,1499,104833,100800,97800,98700,99200,102900,107600,112800,-4033,-3000,900,500,3700,4700,5200,-3.847071056,-2.976190476,0.920245399,0.506585613,3.72983871,4.567541302,4.832713755
1624,1166,234300,214600,199200,211400,240800,249300,269500,294700,-19700,-15400,12200,29400,8500,20200,25200,-8.408023901,-7.176141659,6.124497992,13.90728477,3.529900332,8.102687525,9.350649351
1625,505,94100,96600,94300,94100,94200,99600,98200,103800,2500,-2300,-200,100,5400,-1400,5600,2.65674814,-2.380952381,-0.212089077,0.106269926,5.732484076,-1.40562249,5.702647658
1626,556,308200,317600,310700,338700,396100,414200,488600,512500,9400,-6900,28000,57400,18100,74400,23900,3.049967554,-2.172544081,9.011908593,16.94715087,4.569553143,17.96233704,4.891526811
1627,9,187000,180000,169900,185300,231600,256100,274200,297700,-7000,-10100,15400,46300,24500,18100,23500,-3.743315508,-5.611111111,9.064155386,24.98650836,10.57858377,7.067551738,8.570386579
1628,3,371600,366500,342900,374900,436500,457800,491900,528700,-5100,-23600,32000,61600,21300,34100,36800,-1.372443488,-6.439290587,9.332166812,16.43104828,4.879725086,7.44866754,7.481195365
1629,47,699600,697200,664300,764000,881800,986800,1132100,1169200,-2400,-32900,99700,117800,105000,145300,37100,-0.343053173,-4.718875502,15.00827939,15.41884817,11.90746201,14.72436157,3.277095663
1630,1774,92100,90100,89300,89500,92900,96700,101900,109100,-2000,-800,200,3400,3800,5200,7200,-2.17155266,-0.887902331,0.223964166,3.798882682,4.090419806,5.37745605,7.065750736
1631,63,172900,168300,155700,172600,224800,251400,277700,307300,-4600,-12600,16900,52200,26600,26300,29600,-2.660497397,-7.486631016,10.85420681,30.2433372,11.83274021,10.46141607,10.65898452
1632,1323,165102,160242,154194,153598,153239,155041,168608,176934,-4860,-6048,-596,-359,1802,13567,8326,-2.943634844,-3.774291384,-0.386526065,-0.233727002,1.175940851,8.750588554,4.93808123
1633,984,464300,430600,439500,438200,440300,443400,478000,516000,-33700,8900,-1300,2100,3100,34600,38000,-7.258238208,2.066883418,-0.295790671,0.479233227,0.70406541,7.803337844,7.949790795
1634,165,408900,376200,363000,389700,436300,472300,515400,538300,-32700,-13200,26700,46600,36000,43100,22900,-7.997065297,-3.50877193,7.355371901,11.95791635,8.2512033,9.125555791,4.443150951
1635,61,658600,640500,606600,683000,812000,898900,1022500,1111100,-18100,-33900,76400,129000,86900,123600,88600,-2.748253872,-5.292740047,12.59479064,18.88726208,10.70197044,13.75013906,8.665036675
1636,1976,558700,469600,438500,441700,496400,520400,583700,592200,-89100,-31100,3200,54700,24000,63300,8500,-15.94773582,-6.622657581,0.729760547,12.38397102,4.834810637,12.16372022,1.456227514
1637,1462,98700,96400,95700,97800,99900,105000,112700,120000,-2300,-700,2100,2100,5100,7700,7300,-2.33029382,-0.726141079,2.194357367,2.147239264,5.105105105,7.333333333,6.477373558
1638,1319,183300,173900,165500,161900,162200,167200,169100,184900,-9400,-8400,-3600,300,5000,1900,15800,-5.128205128,-4.830362277,-2.175226586,0.185299568,3.082614057,1.136363636,9.343583678
1639,521,96500,92400,89100,89300,91200,91000,94300,97200,-4100,-3300,200,1900,-200,3300,2900,-4.248704663,-3.571428571,0.224466891,2.127659574,-0.219298246,3.626373626,3.075291622
1640,1257,108600,110400,112500,113400,114800,116600,117100,119900,1800,2100,900,1400,1800,500,2800,1.657458564,1.902173913,0.8,1.234567901,1.567944251,0.428816467,2.391118702
1641,1583,59055,61003,60231,71974,71097,71051,76592,83295,1948,-772,11743,-877,-46,5541,6703,3.298619931,-1.265511532,19.49660474,-1.218495568,-0.064700339,7.798623524,8.751566743
1642,2191,146800,141300,138900,145200,157300,162400,170200,182500,-5500,-2400,6300,12100,5100,7800,12300,-3.746594005,-1.6985138,4.535637149,8.333333333,3.242212333,4.802955665,7.226792009
1643,114,445200,431700,383400,400800,480600,511400,535800,565100,-13500,-48300,17400,79800,30800,24400,29300,-3.032345013,-11.18832523,4.538341158,19.91017964,6.408655847,4.771216269,5.46845838
1644,13,588100,583000,559200,652100,750400,823700,932800,990600,-5100,-23800,92900,98300,73300,109100,57800,-0.867199456,-4.082332762,16.6130186,15.0743751,9.768123667,13.24511351,6.196397942
1645,614,113300,106600,95500,94600,105100,111900,110300,118200,-6700,-11100,-900,10500,6800,-1600,7900,-5.913503972,-10.41275797,-0.942408377,11.09936575,6.470028544,-1.429848079,7.162284678
1646,170,532300,515200,478800,515100,590400,653400,695700,754600,-17100,-36400,36300,75300,63000,42300,58900,-3.212474169,-7.065217391,7.581453634,14.61852068,10.67073171,6.473829201,8.466292942
1647,1299,310500,281600,269800,250200,264400,264200,286300,304300,-28900,-11800,-19600,14200,-200,22100,18000,-9.307568438,-4.190340909,-7.264640474,5.675459632,-0.075642965,8.364875095,6.287111422
1648,1291,157600,148100,143100,146600,156300,158900,167100,177100,-9500,-5000,3500,9700,2600,8200,10000,-6.027918782,-3.376097232,2.445842068,6.616643929,1.66346769,5.160478288,5.984440455
1649,1204,154300,145500,141400,151600,170100,188100,218500,241200,-8800,-4100,10200,18500,18000,30400,22700,-5.703175632,-2.817869416,7.213578501,12.20316623,10.58201058,16.16161616,10.38901602
1650,193,229200,228200,222400,223200,231200,235000,243900,252100,-1000,-5800,800,8000,3800,8900,8200,-0.436300175,-2.541630149,0.35971223,3.584229391,1.643598616,3.787234043,3.36203362
1651,264,145000,142900,144700,144800,153100,159900,167600,182600,-2100,1800,100,8300,6800,7700,15000,-1.448275862,1.259622113,0.0691085,5.732044199,4.441541476,4.815509694,8.949880668
1652,514,145200,140300,134400,135200,141700,145500,150600,160200,-4900,-5900,800,6500,3800,5100,9600,-3.374655647,-4.205274412,0.595238095,4.807692308,2.681721948,3.505154639,6.374501992
1653,912,111366,112272,116387,119686,124686,130812,138130,150099,906,4115,3299,5000,6126,7318,11969,0.813533754,3.665205928,2.834509009,4.177598048,4.913141812,5.594287986,8.6650257
1654,1912,164500,157000,150600,151500,156700,160600,163000,168700,-7500,-6400,900,5200,3900,2400,5700,-4.559270517,-4.076433121,0.597609562,3.432343234,2.488832163,1.494396015,3.496932515
1655,270,159000,155500,149300,152300,152300,151100,150100,155900,-3500,-6200,3000,0,-1200,-1000,5800,-2.201257862,-3.987138264,2.009377093,0,-0.787918582,-0.661813369,3.864090606
1656,771,123000,116800,112300,114400,116600,120300,121900,128100,-6200,-4500,2100,2200,3700,1600,6200,-5.040650407,-3.852739726,1.869991095,1.923076923,3.173241852,1.330008313,5.086136177
1657,942,90196,90989,98999,99631,98881,101093,101691,115438,793,8010,632,-750,2212,598,13747,0.879196417,8.803261933,0.638390287,-0.75277775,2.237032392,0.591534528,13.51840379
1658,282,65200,63300,59600,54900,64600,61100,61500,63600,-1900,-3700,-4700,9700,-3500,400,2100,-2.914110429,-5.845181675,-7.88590604,17.66848816,-5.417956656,0.654664484,3.414634146
1659,435,62900,65200,58700,66700,70400,67000,67500,70000,2300,-6500,8000,3700,-3400,500,2500,3.656597774,-9.969325153,13.6286201,5.547226387,-4.829545455,0.746268657,3.703703704
1660,736,72200,69000,65500,64100,65600,66000,68100,70100,-3200,-3500,-1400,1500,400,2100,2000,-4.432132964,-5.072463768,-2.13740458,2.340093604,0.609756098,3.181818182,2.936857562
1661,249,129000,129100,125600,131000,135700,137500,140600,145400,100,-3500,5400,4700,1800,3100,4800,0.07751938,-2.711076685,4.299363057,3.58778626,1.326455416,2.254545455,3.413940256
1662,2206,83400,83500,81300,80400,79700,80300,80300,82300,100,-2200,-900,-700,600,0,2000,0.119904077,-2.634730539,-1.10701107,-0.870646766,0.752823087,0,2.490660025
1663,1549,149500,148200,145700,146900,147900,153600,153600,163900,-1300,-2500,1200,1000,5700,0,10300,-0.869565217,-1.686909582,0.823610158,0.680735194,3.853955375,0,6.705729167
1664,309,211800,198600,182500,198100,217900,226800,241000,254300,-13200,-16100,15600,19800,8900,14200,13300,-6.232294618,-8.106747231,8.547945205,9.994952044,4.084442405,6.261022928,5.518672199
1665,2663,109300,81000,58400,55700,56100,58300,59800,61600,-28300,-22600,-2700,400,2200,1500,1800,-25.89204026,-27.90123457,-4.623287671,0.718132855,3.921568627,2.572898799,3.010033445
1666,2225,63135,55002,54397,53648,53703,61052,63351,66187,-8133,-605,-749,55,7349,2299,2836,-12.8819197,-1.099960001,-1.376914168,0.102520131,13.68452414,3.765642403,4.476645988
1667,873,73000,74000,78200,73900,72800,73700,73900,81400,1000,4200,-4300,-1100,900,200,7500,1.369863014,5.675675676,-5.498721228,-1.48849797,1.236263736,0.271370421,10.1488498
1668,724,96600,97500,92200,91400,95400,99500,103800,108500,900,-5300,-800,4000,4100,4300,4700,0.931677019,-5.435897436,-0.867678959,4.376367615,4.29769392,4.32160804,4.527938343
1669,314,105700,102200,97200,94500,97600,97100,101200,102300,-3500,-5000,-2700,3100,-500,4100,1100,-3.311258278,-4.892367906,-2.777777778,3.28042328,-0.512295082,4.222451081,1.086956522
1670,1191,119000,117100,110100,108000,109800,112000,114600,121800,-1900,-7000,-2100,1800,2200,2600,7200,-1.596638655,-5.977796755,-1.907356948,1.666666667,2.003642987,2.321428571,6.282722513
1671,1199,166700,147800,136600,141600,166500,173100,187400,210400,-18900,-11200,5000,24900,6600,14300,23000,-11.33773245,-7.577807848,3.660322108,17.58474576,3.963963964,8.261120739,12.27321238
1672,841,39000,37800,38000,39800,37400,37300,43700,45400,-1200,200,1800,-2400,-100,6400,1700,-3.076923077,0.529100529,4.736842105,-6.030150754,-0.267379679,17.15817694,3.890160183
1673,743,86500,87700,84300,86300,92300,94100,91000,96800,1200,-3400,2000,6000,1800,-3100,5800,1.387283237,-3.876852908,2.372479241,6.952491309,1.950162514,-3.294367694,6.373626374
1674,545,82400,80800,73500,75600,77400,78600,81500,84900,-1600,-7300,2100,1800,1200,2900,3400,-1.941747573,-9.034653465,2.857142857,2.380952381,1.550387597,3.68956743,4.171779141
1675,1938,82400,76000,75000,76900,77700,83000,87400,95100,-6400,-1000,1900,800,5300,4400,7700,-7.766990291,-1.315789474,2.533333333,1.040312094,6.821106821,5.301204819,8.81006865
1676,666,76500,74400,71800,72400,71400,70800,72000,78200,-2100,-2600,600,-1000,-600,1200,6200,-2.745098039,-3.494623656,0.835654596,-1.38121547,-0.840336134,1.694915254,8.611111111
1677,1381,140700,136700,131800,130400,136300,138100,145100,157200,-4000,-4900,-1400,5900,1800,7000,12100,-2.842928216,-3.584491587,-1.062215478,4.524539877,1.320616288,5.068790731,8.339076499
1678,1855,139700,139800,139100,145900,159800,164800,176500,177500,100,-700,6800,13900,5000,11700,1000,0.071581961,-0.500715308,4.888569375,9.527073338,3.128911139,7.099514563,0.566572238
1679,2059,88000,86900,85700,85000,87400,87500,107100,103300,-1100,-1200,-700,2400,100,19600,-3800,-1.25,-1.380897583,-0.8168028,2.823529412,0.114416476,22.4,-3.548085901
1680,968,122300,121000,124400,134900,137900,141600,146300,155700,-1300,3400,10500,3000,3700,4700,9400,-1.062959935,2.809917355,8.440514469,2.223869533,2.683103698,3.31920904,6.425153794
1681,962,66300,62100,57500,55600,57800,60000,62900,63200,-4200,-4600,-1900,2200,2200,2900,300,-6.334841629,-7.407407407,-3.304347826,3.956834532,3.806228374,4.833333333,0.476947536
1682,233,193800,177100,161400,173500,190300,208300,218600,228100,-16700,-15700,12100,16800,18000,10300,9500,-8.617131063,-8.865047995,7.496902107,9.682997118,9.458749343,4.944791167,4.345837145
1683,1596,102100,96900,93300,96300,94600,96600,100400,106000,-5200,-3600,3000,-1700,2000,3800,5600,-5.093046033,-3.715170279,3.215434084,-1.765316719,2.114164905,3.933747412,5.577689243
1684,1270,107800,103400,102500,101900,102600,104800,106700,108200,-4400,-900,-600,700,2200,1900,1500,-4.081632653,-0.87040619,-0.585365854,0.686947988,2.144249513,1.812977099,1.405810684
1685,337,127800,108000,101700,115600,118100,119900,125600,138400,-19800,-6300,13900,2500,1800,5700,12800,-15.49295775,-5.833333333,13.66764995,2.162629758,1.524132091,4.753961635,10.1910828
1686,219,182500,175500,168900,171500,179300,184300,189800,196000,-7000,-6600,2600,7800,5000,5500,6200,-3.835616438,-3.760683761,1.53937241,4.548104956,2.788622421,2.984264786,3.266596417
1687,1574,112600,110500,108600,109500,110000,113000,112800,117600,-2100,-1900,900,500,3000,-200,4800,-1.865008881,-1.719457014,0.828729282,0.456621005,2.727272727,-0.17699115,4.255319149
1688,1594,155400,155300,152300,152000,157800,155200,160800,177000,-100,-3000,-300,5800,-2600,5600,16200,-0.064350064,-1.93174501,-0.196979645,3.815789474,-1.64765526,3.608247423,10.07462687
1689,598,104100,108400,103500,110200,109500,116700,119000,125000,4300,-4900,6700,-700,7200,2300,6000,4.130643612,-4.520295203,6.473429952,-0.635208711,6.575342466,1.970865467,5.042016807
1690,35,91900,92600,83900,84300,86500,90900,94800,108500,700,-8700,400,2200,4400,3900,13700,0.761697497,-9.39524838,0.476758045,2.609727165,5.086705202,4.290429043,14.45147679
1691,2201,70700,69900,69800,71500,74500,78800,83400,88400,-800,-100,1700,3000,4300,4600,5000,-1.131541726,-0.143061516,2.435530086,4.195804196,5.771812081,5.837563452,5.995203837
1692,673,168200,162300,155200,158500,164000,166400,174600,173000,-5900,-7100,3300,5500,2400,8200,-1600,-3.507728894,-4.374614911,2.12628866,3.470031546,1.463414634,4.927884615,-0.916380298
1693,412,159600,152400,144500,161600,169100,180500,194500,210700,-7200,-7900,17100,7500,11400,14000,16200,-4.511278195,-5.183727034,11.83391003,4.641089109,6.741573034,7.756232687,8.329048843
1694,1737,187900,228800,230500,235400,207600,216400,223000,223700,40900,1700,4900,-27800,8800,6600,700,21.76689729,0.743006993,2.125813449,-11.80968564,4.238921002,3.049907579,0.313901345
1695,1437,83794,81416,75575,74812,78917,83074,77615,86743,-2378,-5841,-763,4105,4157,-5459,9128,-2.837912022,-7.174265501,-1.009593119,5.487087633,5.267559588,-6.571249729,11.76061328
1696,1950,108000,98600,95400,96700,101100,103600,108700,112100,-9400,-3200,1300,4400,2500,5100,3400,-8.703703704,-3.245436105,1.362683438,4.550155119,2.472799209,4.922779923,3.127874885
1697,2121,70400,69000,66100,66400,66400,67400,69300,72600,-1400,-2900,300,0,1000,1900,3300,-1.988636364,-4.202898551,0.453857791,0,1.506024096,2.818991098,4.761904762
1698,757,127700,129900,130900,135200,140500,143900,150700,154000,2200,1000,4300,5300,3400,6800,3300,1.722787784,0.769822941,3.284950344,3.920118343,2.419928826,4.725503822,2.189781022
1699,641,153600,137900,125300,126100,133400,146600,155000,163500,-15700,-12600,800,7300,13200,8400,8500,-10.22135417,-9.137055838,0.638467678,5.789056305,9.895052474,5.729877217,5.483870968
1700,2541,308100,311800,322100,332000,340200,351200,368300,371700,3700,10300,9900,8200,11000,17100,3400,1.200908796,3.303399615,3.073579634,2.469879518,3.233392122,4.869020501,0.923160467
1701,331,238000,228000,208100,210200,221400,232700,254100,289100,-10000,-19900,2100,11200,11300,21400,35000,-4.201680672,-8.728070175,1.009130226,5.328258801,5.103884372,9.196390202,13.77410468
1702,1056,226900,210100,201500,204000,210800,222400,249000,276900,-16800,-8600,2500,6800,11600,26600,27900,-7.404142794,-4.09328891,1.240694789,3.333333333,5.5028463,11.96043165,11.20481928
1703,2669,89200,93600,93700,93600,93600,93500,93300,97900,4400,100,-100,0,-100,-200,4600,4.932735426,0.106837607,-0.106723586,0,-0.106837607,-0.213903743,4.930332262
1704,931,81000,78800,78600,82000,82900,88000,95700,107900,-2200,-200,3400,900,5100,7700,12200,-2.716049383,-0.253807107,4.325699746,1.097560976,6.15199035,8.75,12.74817137
1705,1250,123400,117000,120100,120500,122400,123200,130200,138600,-6400,3100,400,1900,800,7000,8400,-5.186385737,2.64957265,0.333055787,1.576763485,0.653594771,5.681818182,6.451612903
1706,779,67700,71000,69700,64100,62600,66100,68900,69200,3300,-1300,-5600,-1500,3500,2800,300,4.874446086,-1.830985915,-8.034433286,-2.340093604,5.591054313,4.236006051,0.435413643
1707,62,284700,255100,234000,244800,284400,309400,338700,384800,-29600,-21100,10800,39600,25000,29300,46100,-10.39690903,-8.27126617,4.615384615,16.17647059,8.790436006,9.469941823,13.61086507
1708,697,126000,130800,115500,122500,134900,130600,136500,143800,4800,-15300,7000,12400,-4300,5900,7300,3.80952381,-11.69724771,6.060606061,10.12244898,-3.187546331,4.517611026,5.347985348
1709,117,230200,217300,192800,214000,279400,318700,344900,383600,-12900,-24500,21200,65400,39300,26200,38700,-5.603822763,-11.27473539,10.99585062,30.56074766,14.0658554,8.220897396,11.22064366
1710,828,109500,101300,93500,89100,89200,96000,94900,99100,-8200,-7800,-4400,100,6800,-1100,4200,-7.488584475,-7.699901283,-4.705882353,0.112233446,7.623318386,-1.145833333,4.425711275
1711,575,76994,76386,76027,73987,76732,82438,89855,97929,-608,-359,-2040,2745,5706,7417,8074,-0.789671922,-0.46998141,-2.683257264,3.710111236,7.436271699,8.997064461,8.985587892
1712,140,370200,364100,352800,334300,352700,361300,368200,373800,-6100,-11300,-18500,18400,8600,6900,5600,-1.647757969,-3.103542983,-5.243764172,5.504038289,2.438332861,1.909770274,1.520912548
1713,443,84200,81000,80800,82400,85400,84600,86700,88900,-3200,-200,1600,3000,-800,2100,2200,-3.800475059,-0.24691358,1.98019802,3.640776699,-0.93676815,2.482269504,2.537485582
1714,2392,180100,175600,173300,178700,188600,197800,210100,222800,-4500,-2300,5400,9900,9200,12300,12700,-2.498611882,-1.309794989,3.115983843,5.540011192,4.87804878,6.218402427,6.0447406
1715,99,385800,371300,328300,367900,436500,474500,532200,579500,-14500,-43000,39600,68600,38000,57700,47300,-3.758424054,-11.58093186,12.06213829,18.6463713,8.705612829,12.1601686,8.887636227
1716,937,135659,131761,124042,126839,129820,131720,138777,141156,-3898,-7719,2797,2981,1900,7057,2379,-2.873381051,-5.858334409,2.254881411,2.350223512,1.463564936,5.357576678,1.714261009
1717,1465,82000,82600,73900,72600,70900,69000,72100,74600,600,-8700,-1300,-1700,-1900,3100,2500,0.731707317,-10.53268765,-1.759133965,-2.341597796,-2.679830748,4.492753623,3.46740638
1718,160,108500,105800,105600,104300,104600,107500,111300,123700,-2700,-200,-1300,300,2900,3800,12400,-2.488479263,-0.189035917,-1.231060606,0.287631831,2.772466539,3.534883721,11.1410602
1719,2067,90200,89200,89300,90600,91200,96000,99800,104100,-1000,100,1300,600,4800,3800,4300,-1.10864745,0.112107623,1.455767077,0.662251656,5.263157895,3.958333333,4.308617234
1720,2085,154300,142100,142000,157100,157100,158300,165600,180000,-12200,-100,15100,0,1200,7300,14400,-7.906675308,-0.070372977,10.63380282,0,0.763844685,4.611497157,8.695652174
1721,100,166300,156700,148400,151100,153700,160700,171700,188600,-9600,-8300,2700,2600,7000,11000,16900,-5.77269994,-5.296745373,1.819407008,1.720714758,4.55432661,6.845052894,9.842748981
1722,322,198200,189600,183100,191100,209100,219400,222400,236800,-8600,-6500,8000,18000,10300,3000,14400,-4.339051463,-3.428270042,4.36919716,9.419152276,4.925872788,1.367365542,6.474820144
1723,310,254800,257400,252800,262300,284000,288500,292700,306800,2600,-4600,9500,21700,4500,4200,14100,1.020408163,-1.787101787,3.757911392,8.272969882,1.584507042,1.455805893,4.817218996
1724,90,147200,148400,132500,149900,191000,220000,240600,264700,1200,-15900,17400,41100,29000,20600,24100,0.815217391,-10.71428571,13.13207547,27.41827885,15.18324607,9.363636364,10.0166251
1725,525,114400,109500,104500,103700,105900,110300,112200,120600,-4900,-5000,-800,2200,4400,1900,8400,-4.283216783,-4.566210046,-0.765550239,2.121504339,4.154863078,1.722574796,7.486631016
1726,1989,149800,157400,166900,188900,212700,231100,258200,250500,7600,9500,22000,23800,18400,27100,-7700,5.073431242,6.035578145,13.18154584,12.59925887,8.650681711,11.72652531,-2.982184353
1727,127,97700,94600,87900,91000,94000,101300,106000,111400,-3100,-6700,3100,3000,7300,4700,5400,-3.172978506,-7.082452431,3.526734926,3.296703297,7.765957447,4.639684107,5.094339623
1728,1823,84300,84000,82900,83000,83600,86300,87300,90100,-300,-1100,100,600,2700,1000,2800,-0.355871886,-1.30952381,0.120627262,0.722891566,3.229665072,1.158748552,3.207331042
1729,2662,61100,60200,56500,59500,63400,68200,71600,72600,-900,-3700,3000,3900,4800,3400,1000,-1.47299509,-6.146179402,5.309734513,6.554621849,7.570977918,4.985337243,1.396648045
1730,863,145100,139900,134400,131400,132500,136500,138200,142000,-5200,-5500,-3000,1100,4000,1700,3800,-3.583735355,-3.931379557,-2.232142857,0.837138508,3.018867925,1.245421245,2.749638205
1731,278,149200,142900,138900,141300,149400,147700,155200,165500,-6300,-4000,2400,8100,-1700,7500,10300,-4.222520107,-2.799160252,1.727861771,5.732484076,-1.137884873,5.077860528,6.636597938
1732,733,138000,129500,123800,128600,132500,134700,139300,151100,-8500,-5700,4800,3900,2200,4600,11800,-6.15942029,-4.401544402,3.877221325,3.032659409,1.660377358,3.414996288,8.470926059
1733,1775,97000,85900,75800,76600,79900,81900,85000,89400,-11100,-10100,800,3300,2000,3100,4400,-11.44329897,-11.75785797,1.055408971,4.308093995,2.503128911,3.785103785,5.176470588
1734,639,59300,58600,58400,59500,61900,60400,60800,59800,-700,-200,1100,2400,-1500,400,-1000,-1.180438449,-0.341296928,1.883561644,4.033613445,-2.423263328,0.662251656,-1.644736842
1735,2362,55600,54700,54600,58100,62000,66000,69700,71700,-900,-100,3500,3900,4000,3700,2000,-1.618705036,-0.182815356,6.41025641,6.712564544,6.451612903,5.606060606,2.869440459
1736,1545,94600,73000,69500,60600,73500,90500,85100,89300,-21600,-3500,-8900,12900,17000,-5400,4200,-22.83298097,-4.794520548,-12.8057554,21.28712871,23.1292517,-5.966850829,4.935370153
1737,1682,120300,120300,118900,118800,118300,122300,126900,133700,0,-1400,-100,-500,4000,4600,6800,0,-1.163757273,-0.084104289,-0.420875421,3.38123415,3.761242845,5.358550039
1738,375,79800,79800,83200,85300,87200,87300,86000,89100,0,3400,2100,1900,100,-1300,3100,0,4.260651629,2.524038462,2.227432591,0.114678899,-1.489117984,3.604651163
1739,654,129900,128200,116000,117400,118600,126600,139400,153000,-1700,-12200,1400,1200,8000,12800,13600,-1.308698999,-9.516380655,1.206896552,1.022146508,6.745362563,10.11058452,9.756097561
1740,1946,81600,83600,82400,80900,82300,82600,85700,89300,2000,-1200,-1500,1400,300,3100,3600,2.450980392,-1.435406699,-1.82038835,1.73053152,0.364520049,3.753026634,4.200700117
1741,2138,165677,161200,158600,162300,167000,169800,179500,183000,-4477,-2600,3700,4700,2800,9700,3500,-2.702245936,-1.612903226,2.332912989,2.895871842,1.676646707,5.712603062,1.949860724
1742,615,119200,117700,114700,115000,116800,120100,121900,126900,-1500,-3000,300,1800,3300,1800,5000,-1.258389262,-2.548853016,0.261551874,1.565217391,2.825342466,1.498751041,4.101722724
1743,1713,131700,128500,127100,127000,128400,134300,142700,148800,-3200,-1400,-100,1400,5900,8400,6100,-2.429764617,-1.089494163,-0.078678206,1.102362205,4.595015576,6.25465376,4.274702172
1744,2264,129900,110300,108800,105600,107200,101900,103500,99600,-19600,-1500,-3200,1600,-5300,1600,-3900,-15.08852964,-1.359927471,-2.941176471,1.515151515,-4.944029851,1.57016683,-3.768115942
1745,1142,179247,158828,133980,146492,181022,198825,233797,257777,-20419,-24848,12512,34530,17803,34972,23980,-11.39154351,-15.64459667,9.33870727,23.57125304,9.834716222,17.58933736,10.25676121
1746,405,136200,134700,135300,138600,143000,149500,155300,161100,-1500,600,3300,4400,6500,5800,5800,-1.101321586,0.445434298,2.43902439,3.174603175,4.545454545,3.879598662,3.734707019
1747,1327,189100,185900,167000,174400,182700,187900,196700,211000,-3200,-18900,7400,8300,5200,8800,14300,-1.692226335,-10.16675632,4.431137725,4.759174312,2.84619595,4.683342203,7.269954245
1748,2493,95400,97400,101200,110400,122400,133700,143000,147800,2000,3800,9200,12000,11300,9300,4800,2.096436059,3.901437372,9.090909091,10.86956522,9.232026144,6.955871354,3.356643357
1749,421,221600,213600,200300,201900,201000,205400,206300,209600,-8000,-13300,1600,-900,4400,900,3300,-3.610108303,-6.22659176,0.798801797,-0.44576523,2.189054726,0.438169426,1.599612215
1750,59,313600,316100,310500,331000,369000,399400,436000,481600,2500,-5600,20500,38000,30400,36600,45600,0.797193878,-1.771591269,6.602254428,11.48036254,8.238482385,9.163745618,10.4587156
1751,18,353400,338900,325200,321000,336500,336200,346200,357700,-14500,-13700,-4200,15500,-300,10000,11500,-4.102999434,-4.04249041,-1.291512915,4.828660436,-0.089153046,2.974419988,3.321779318
1752,2230,40494,40272,39879,38165,38531,44989,48739,56017,-222,-393,-1714,366,6458,3750,7278,-0.548229367,-0.975864124,-4.298001454,0.958993843,16.76053048,8.335370868,14.93260018
1753,1580,166000,159400,150600,150900,151000,158800,162500,161000,-6600,-8800,300,100,7800,3700,-1500,-3.975903614,-5.520702635,0.199203187,0.066269052,5.165562914,2.329974811,-0.923076923
1754,444,150600,144400,128300,121200,136700,127900,137900,122800,-6200,-16100,-7100,15500,-8800,10000,-15100,-4.11686587,-11.14958449,-5.53390491,12.78877888,-6.437454279,7.818608288,-10.94996374
1755,1286,107400,105900,104600,101900,106500,110400,110100,117400,-1500,-1300,-2700,4600,3900,-300,7300,-1.396648045,-1.227573182,-2.58126195,4.514229637,3.661971831,-0.27173913,6.630336058
1756,2302,49600,57000,52900,47600,49500,51000,52000,49400,7400,-4100,-5300,1900,1500,1000,-2600,14.91935484,-7.192982456,-10.01890359,3.991596639,3.03030303,1.960784314,-5
1757,1758,512200,477700,456400,463400,491600,520200,573200,659900,-34500,-21300,7000,28200,28600,53000,86700,-6.735650137,-4.458865397,1.533742331,6.08545533,5.817737998,10.18838908,15.12561061
1758,81,109800,107800,101800,98500,103800,106600,109800,116700,-2000,-6000,-3300,5300,2800,3200,6900,-1.821493625,-5.565862709,-3.241650295,5.38071066,2.697495183,3.001876173,6.284153005
1759,1649,469600,447800,436900,451000,486700,513000,548500,614600,-21800,-10900,14100,35700,26300,35500,66100,-4.642248722,-2.434122376,3.227283131,7.915742794,5.40373947,6.920077973,12.05104831
1760,1813,71800,72600,63100,64700,74700,67600,70400,67600,800,-9500,1600,10000,-7100,2800,-2800,1.114206128,-13.08539945,2.535657686,15.45595054,-9.504685408,4.142011834,-3.977272727
1761,257,157400,148900,148700,150100,159700,166400,180700,200100,-8500,-200,1400,9600,6700,14300,19400,-5.40025413,-0.134318334,0.941492939,6.395736176,4.195366312,8.59375,10.73602656
1762,1377,187200,188500,188300,195100,210900,229400,246500,241400,1300,-200,6800,15800,18500,17100,-5100,0.694444444,-0.106100796,3.61125863,8.098411071,8.771929825,7.454228422,-2.068965517
1763,1701,78600,77600,73400,69900,69700,72700,73700,70300,-1000,-4200,-3500,-200,3000,1000,-3400,-1.272264631,-5.412371134,-4.768392371,-0.286123033,4.304160689,1.375515818,-4.613297151
1764,350,64200,62800,62500,60600,57000,57100,56500,57300,-1400,-300,-1900,-3600,100,-600,800,-2.180685358,-0.477707006,-3.04,-5.940594059,0.175438596,-1.050788091,1.415929204
1765,462,101100,97800,94500,93900,95300,97200,98600,100800,-3300,-3300,-600,1400,1900,1400,2200,-3.264094955,-3.374233129,-0.634920635,1.490947817,1.993704092,1.440329218,2.231237323
1766,2548,107700,120400,108200,96000,104200,121900,114900,133300,12700,-12200,-12200,8200,17700,-7000,18400,11.79201486,-10.13289037,-11.2754159,8.541666667,16.9865643,-5.742411813,16.01392515
1767,659,97000,105000,102600,96600,106400,116400,114500,110100,8000,-2400,-6000,9800,10000,-1900,-4400,8.24742268,-2.285714286,-5.847953216,10.14492754,9.398496241,-1.632302405,-3.84279476
1768,215,223800,222100,222100,225900,230600,241400,245800,251200,-1700,0,3800,4700,10800,4400,5400,-0.759606792,0,1.710941018,2.080566622,4.683434519,1.822700911,2.196908055
1769,281,248400,234900,211300,200900,211200,213200,202600,200300,-13500,-23600,-10400,10300,2000,-10600,-2300,-5.434782609,-10.04682844,-4.921911973,5.12692882,0.946969697,-4.971857411,-1.135241856
1770,390,168800,159000,152500,154300,193500,206300,224100,246400,-9800,-6500,1800,39200,12800,17800,22300,-5.805687204,-4.088050314,1.180327869,25.40505509,6.61498708,8.628211343,9.95091477
1771,1601,109100,100100,93300,92100,94300,99800,106300,114200,-9000,-6800,-1200,2200,5500,6500,7900,-8.249312557,-6.793206793,-1.286173633,2.388707926,5.832449629,6.513026052,7.431796802
1772,1016,128200,116400,106600,106100,108300,114300,117400,125200,-11800,-9800,-500,2200,6000,3100,7800,-9.204368175,-8.419243986,-0.469043152,2.073515551,5.540166205,2.71216098,6.6439523
1773,2449,168800,162300,162400,169300,174500,184600,178000,182000,-6500,100,6900,5200,10100,-6600,4000,-3.8507109,0.061614295,4.248768473,3.071470762,5.787965616,-3.575297941,2.247191011
1774,1579,170000,170900,171800,177400,184400,192400,213200,220800,900,900,5600,7000,8000,20800,7600,0.529411765,0.526623757,3.259604191,3.945885006,4.338394794,10.81081081,3.564727955
1775,2349,88700,82500,74700,90200,85700,74300,80900,82500,-6200,-7800,15500,-4500,-11400,6600,1600,-6.989853439,-9.454545455,20.74966533,-4.988913525,-13.30221704,8.882907133,1.977750309
1776,714,291400,277300,255700,270800,263000,280700,274700,282600,-14100,-21600,15100,-7800,17700,-6000,7900,-4.838709677,-7.789397764,5.905357841,-2.880354505,6.730038023,-2.137513359,2.87586458
1777,1399,100300,92300,90200,87000,86200,87800,88300,89900,-8000,-2100,-3200,-800,1600,500,1600,-7.976071785,-2.275189599,-3.54767184,-0.91954023,1.856148492,0.569476082,1.81200453
1778,1600,96500,94000,96900,96100,94300,97700,101800,106400,-2500,2900,-800,-1800,3400,4100,4600,-2.590673575,3.085106383,-0.825593395,-1.873048907,3.605514316,4.196519959,4.518664047
1779,1523,113700,118800,116600,115500,115300,117800,122700,127000,5100,-2200,-1100,-200,2500,4900,4300,4.485488127,-1.851851852,-0.943396226,-0.173160173,2.168256722,4.15959253,3.504482478
1780,1329,123500,124100,110000,109100,115900,118200,122700,130900,600,-14100,-900,6800,2300,4500,8200,0.48582996,-11.361805,-0.818181818,6.232813932,1.98446937,3.807106599,6.682966585
1781,12,132000,128500,125100,125700,133000,141300,152700,174100,-3500,-3400,600,7300,8300,11400,21400,-2.651515152,-2.645914397,0.479616307,5.807478123,6.240601504,8.067940552,14.01440733
1782,2035,117500,120800,108600,109200,111300,109200,110800,113300,3300,-12200,600,2100,-2100,1600,2500,2.808510638,-10.09933775,0.552486188,1.923076923,-1.886792453,1.465201465,2.25631769
1783,1793,84692,80887,81610,78745,79504,85162,86210,93198,-3805,723,-2865,759,5658,1048,6988,-4.492750201,0.893839554,-3.510599191,0.963870722,7.116623063,1.230595806,8.105788192
1784,1992,74100,64600,64400,63600,61300,63000,69400,79100,-9500,-200,-800,-2300,1700,6400,9700,-12.82051282,-0.309597523,-1.242236025,-3.616352201,2.77324633,10.15873016,13.97694524
1785,855,87100,86300,84700,86300,86700,86700,89600,98400,-800,-1600,1600,400,0,2900,8800,-0.918484501,-1.853997683,1.889020071,0.463499421,0,3.344867359,9.821428571
1786,1321,88900,90000,88300,90100,91900,96100,103800,118200,1100,-1700,1800,1800,4200,7700,14400,1.237345332,-1.888888889,2.038505096,1.997780244,4.570184984,8.012486993,13.87283237
1787,1314,115800,115900,111400,117100,117100,115000,115700,116300,100,-4500,5700,0,-2100,700,600,0.086355786,-3.882657463,5.116696589,0,-1.793339026,0.608695652,0.518582541
1788,637,90625,87907,81867,81488,86391,86627,82059,83170,-2718,-6040,-379,4903,236,-4568,1111,-2.999172414,-6.870897653,-0.462945998,6.016836835,0.273176604,-5.273182726,1.353903898
1789,504,119700,118300,106900,105900,136200,150600,156000,172700,-1400,-11400,-1000,30300,14400,5400,16700,-1.169590643,-9.636517329,-0.935453695,28.61189802,10.57268722,3.585657371,10.70512821
1790,870,180600,177200,175700,180000,192200,206900,228100,245900,-3400,-1500,4300,12200,14700,21200,17800,-1.882613511,-0.846501129,2.447353443,6.777777778,7.648283039,10.24649589,7.803594915
1791,1341,121300,122100,122300,124900,128200,134200,150200,150000,800,200,2600,3300,6000,16000,-200,0.659521847,0.163800164,2.125919869,2.642113691,4.680187207,11.92250373,-0.133155792
1792,2860,70500,70500,70500,70400,70400,70400,70300,76800,0,0,-100,0,0,-100,6500,0,0,-0.141843972,0,0,-0.142045455,9.246088193
1793,1966,263200,220100,211900,219200,227100,241700,265100,288300,-43100,-8200,7300,7900,14600,23400,23200,-16.37537994,-3.725579282,3.445021236,3.604014599,6.428885953,9.681423252,8.751414561
1794,1851,672800,656400,642000,657800,662800,684900,712000,720000,-16400,-14400,15800,5000,22100,27100,8000,-2.437574316,-2.193784278,2.46105919,0.760109456,3.334339167,3.956782012,1.123595506
1795,1572,99400,101700,95300,95200,95200,100000,105300,100700,2300,-6400,-100,0,4800,5300,-4600,2.3138833,-6.293018682,-0.104931794,0,5.042016807,5.3,-4.368471035
1796,2770,55500,54100,57100,68900,65000,54200,50700,63000,-1400,3000,11800,-3900,-10800,-3500,12300,-2.522522523,5.545286506,20.66549912,-5.660377358,-16.61538462,-6.457564576,24.26035503
1797,175,242600,230000,216100,210700,221300,229100,244500,265500,-12600,-13900,-5400,10600,7800,15400,21000,-5.193734542,-6.043478261,-2.498843128,5.030849549,3.524627203,6.721955478,8.588957055
1798,1613,111000,110000,101900,97900,103700,106600,113700,110000,-1000,-8100,-4000,5800,2900,7100,-3700,-0.900900901,-7.363636364,-3.925417076,5.924412666,2.796528447,6.660412758,-3.254177661
1799,843,244600,228800,214100,213800,223200,235900,247900,262100,-15800,-14700,-300,9400,12700,12000,14200,-6.459525756,-6.424825175,-0.140121439,4.396632367,5.689964158,5.086901229,5.728116176
1800,585,101500,101400,101100,102000,108300,108900,107400,111000,-100,-300,900,6300,600,-1500,3600,-0.098522167,-0.295857988,0.890207715,6.176470588,0.55401662,-1.377410468,3.351955307
1801,674,91000,98600,104600,105500,101000,104100,104200,108300,7600,6000,900,-4500,3100,100,4100,8.351648352,6.085192698,0.86042065,-4.265402844,3.069306931,0.096061479,3.934740883
1802,1273,130600,121500,120600,125400,126600,127000,128900,138600,-9100,-900,4800,1200,400,1900,9700,-6.967840735,-0.740740741,3.980099502,0.956937799,0.315955766,1.496062992,7.525213344
1803,2094,93200,96800,95500,84800,88700,96900,89700,105300,3600,-1300,-10700,3900,8200,-7200,15600,3.862660944,-1.342975207,-11.20418848,4.599056604,9.24464487,-7.430340557,17.39130435
1804,520,114500,113200,105000,105700,108600,111800,115700,120900,-1300,-8200,700,2900,3200,3900,5200,-1.135371179,-7.243816254,0.666666667,2.743614002,2.946593002,3.488372093,4.494382022
1805,2245,102300,111900,111600,101400,85800,90800,101600,101500,9600,-300,-10200,-15600,5000,10800,-100,9.384164223,-0.268096515,-9.139784946,-15.38461538,5.827505828,11.89427313,-0.098425197
1806,1709,88900,87300,86600,88700,93000,98500,102400,105600,-1600,-700,2100,4300,5500,3900,3200,-1.799775028,-0.801832761,2.424942263,4.847801578,5.913978495,3.959390863,3.125
1807,1802,83900,86500,81300,85100,85900,85500,90400,97300,2600,-5200,3800,800,-400,4900,6900,3.098927294,-6.011560694,4.67404674,0.940070505,-0.465657742,5.730994152,7.632743363
1808,275,223100,214200,204200,199000,204400,205000,202500,201800,-8900,-10000,-5200,5400,600,-2500,-700,-3.989242492,-4.66853408,-2.546523017,2.713567839,0.293542074,-1.219512195,-0.345679012
1809,1348,101800,102300,102700,104900,113800,127300,129600,132100,500,400,2200,8900,13500,2300,2500,0.491159136,0.391006843,2.142161636,8.484270734,11.8629174,1.806755695,1.929012346
1810,366,162400,164600,161400,168500,175800,178000,186500,193000,2200,-3200,7100,7300,2200,8500,6500,1.354679803,-1.944106926,4.399008674,4.332344214,1.251422071,4.775280899,3.485254692
1811,1486,169000,161800,159100,164500,181100,185300,198700,208200,-7200,-2700,5400,16600,4200,13400,9500,-4.26035503,-1.668726823,3.394091766,10.09118541,2.319160685,7.23151646,4.781077001
1812,2193,85100,81100,76200,76400,78500,85000,89000,94200,-4000,-4900,200,2100,6500,4000,5200,-4.700352526,-6.041923551,0.262467192,2.748691099,8.280254777,4.705882353,5.842696629
1813,1964,183000,162900,152200,154200,163100,169400,174600,176700,-20100,-10700,2000,8900,6300,5200,2100,-10.98360656,-6.5684469,1.314060447,5.771725032,3.862660944,3.069657615,1.202749141
1814,2885,79200,80600,84500,90200,95400,101200,108100,121600,1400,3900,5700,5200,5800,6900,13500,1.767676768,4.838709677,6.74556213,5.764966741,6.07966457,6.818181818,12.48843663
1815,767,179900,171300,165700,166300,168900,170800,179900,183100,-8600,-5600,600,2600,1900,9100,3200,-4.780433574,-3.269118506,0.362100181,1.563439567,1.124925992,5.327868852,1.778765981
1816,2661,59800,48500,50500,55400,54700,46300,44400,61700,-11300,2000,4900,-700,-8400,-1900,17300,-18.89632107,4.12371134,9.702970297,-1.263537906,-15.35648995,-4.103671706,38.96396396
1817,1167,208700,208200,204500,211100,234300,253800,276300,306200,-500,-3700,6600,23200,19500,22500,29900,-0.239578342,-1.777137368,3.227383863,10.99005211,8.322663252,8.865248227,10.82157076
1818,801,111800,113000,109400,114900,115500,118900,124600,129100,1200,-3600,5500,600,3400,5700,4500,1.073345259,-3.185840708,5.027422303,0.522193211,2.943722944,4.793944491,3.611556982
1819,1937,86500,86300,90000,89900,84300,86000,88300,97300,-200,3700,-100,-5600,1700,2300,9000,-0.231213873,4.287369641,-0.111111111,-6.229143493,2.016607355,2.674418605,10.19252548
1820,1024,179300,177000,155800,146600,162200,164400,187400,218200,-2300,-21200,-9200,15600,2200,23000,30800,-1.282766313,-11.97740113,-5.905006418,10.64120055,1.356350185,13.99026764,16.43543223
1821,1454,97400,88000,84700,83500,88500,91500,92500,99700,-9400,-3300,-1200,5000,3000,1000,7200,-9.650924025,-3.75,-1.416765053,5.988023952,3.389830508,1.092896175,7.783783784
1822,1099,86400,80000,75300,81200,82500,86300,91200,104300,-6400,-4700,5900,1300,3800,4900,13100,-7.407407407,-5.875,7.835325365,1.600985222,4.606060606,5.677867903,14.36403509
1823,200,73900,70000,68200,65800,68400,69500,69700,73000,-3900,-1800,-2400,2600,1100,200,3300,-5.277401894,-2.571428571,-3.519061584,3.951367781,1.608187135,0.287769784,4.734576758
1824,2005,77700,71000,67300,67200,68300,78500,70400,80000,-6700,-3700,-100,1100,10200,-8100,9600,-8.622908623,-5.211267606,-0.14858841,1.636904762,14.9341142,-10.31847134,13.63636364
1825,106,138600,127400,118100,125700,143900,155500,165500,180800,-11200,-9300,7600,18200,11600,10000,15300,-8.080808081,-7.299843014,6.435224386,14.47891806,8.061153579,6.430868167,9.244712991
1826,74,113000,110800,107100,108500,111800,114500,117000,129000,-2200,-3700,1400,3300,2700,2500,12000,-1.946902655,-3.339350181,1.307189542,3.041474654,2.415026834,2.183406114,10.25641026
1827,220,137900,129900,128100,127600,129500,150800,146600,141300,-8000,-1800,-500,1900,21300,-4200,-5300,-5.801305294,-1.385681293,-0.390320062,1.489028213,16.44787645,-2.785145889,-3.615279673
1828,398,88000,87600,88400,92600,97100,104900,108700,112700,-400,800,4200,4500,7800,3800,4000,-0.454545455,0.913242009,4.751131222,4.859611231,8.032955716,3.622497617,3.679852806
1829,1412,132700,121900,118300,122900,144700,147200,153800,162200,-10800,-3600,4600,21800,2500,6600,8400,-8.138658628,-2.953240361,3.888419273,17.73799837,1.727712509,4.483695652,5.461638492
1830,2064,72500,71600,70400,71900,77900,83000,87000,92600,-900,-1200,1500,6000,5100,4000,5600,-1.24137931,-1.675977654,2.130681818,8.344923505,6.546854942,4.819277108,6.436781609
1831,2066,176800,177600,176800,181500,185400,191200,197200,203200,800,-800,4700,3900,5800,6000,6000,0.452488688,-0.45045045,2.658371041,2.148760331,3.12837109,3.138075314,3.042596349
1832,1706,171300,162900,159000,166000,181000,190700,208000,227500,-8400,-3900,7000,15000,9700,17300,19500,-4.903677758,-2.394106814,4.402515723,9.036144578,5.359116022,9.071840587,9.375
1833,227,209100,208300,183200,177200,190000,191400,182800,192200,-800,-25100,-6000,12800,1400,-8600,9400,-0.382592061,-12.04992799,-3.27510917,7.223476298,0.736842105,-4.493207941,5.142231947
1834,451,127100,136500,133600,135300,139600,144900,147000,155100,9400,-2900,1700,4300,5300,2100,8100,7.395751377,-2.124542125,1.27245509,3.17812269,3.796561605,1.449275362,5.510204082
1835,943,86700,86000,84300,83900,84400,88300,92300,97800,-700,-1700,-400,500,3900,4000,5500,-0.807381776,-1.976744186,-0.474495848,0.595947557,4.620853081,4.530011325,5.958829902
1836,677,72649,73714,72159,75785,74961,77230,76259,76993,1065,-1555,3626,-824,2269,-971,734,1.465952732,-2.1095043,5.025014205,-1.087286402,3.026907325,-1.257283439,0.962509343
1837,1849,160300,150700,135400,144700,149300,151300,156300,163200,-9600,-15300,9300,4600,2000,5000,6900,-5.988771054,-10.1526211,6.868537666,3.178991016,1.339584729,3.304692664,4.414587332
1838,2685,85800,60500,57400,51300,57300,64300,70000,75800,-25300,-3100,-6100,6000,7000,5700,5800,-29.48717949,-5.123966942,-10.6271777,11.69590643,12.21640489,8.864696734,8.285714286
1839,2574,72400,68800,75000,61200,67100,76800,73900,90700,-3600,6200,-13800,5900,9700,-2900,16800,-4.972375691,9.011627907,-18.4,9.640522876,14.45603577,-3.776041667,22.73342355
1840,2060,76100,74700,75800,77700,80500,85900,91300,96600,-1400,1100,1900,2800,5400,5400,5300,-1.839684625,1.472556894,2.506596306,3.603603604,6.708074534,6.286379511,5.805038335
1841,208,156100,151200,142400,150200,158100,168100,176700,193700,-4900,-8800,7800,7900,10000,8600,17000,-3.139013453,-5.82010582,5.47752809,5.259653795,6.325110689,5.11600238,9.620826259
1842,84,314200,293200,278100,268900,272000,284500,278100,291800,-21000,-15100,-9200,3100,12500,-6400,13700,-6.683640993,-5.150068213,-3.308162531,1.152844924,4.595588235,-2.249560633,4.926285509
1843,574,154700,151900,143900,147100,156600,163000,170000,180500,-2800,-8000,3200,9500,6400,7000,10500,-1.809954751,-5.266622778,2.223766505,6.458191706,4.086845466,4.294478528,6.176470588
1844,837,137100,129900,131600,134800,138000,146500,158900,159500,-7200,1700,3200,3200,8500,12400,600,-5.251641138,1.308698999,2.431610942,2.37388724,6.15942029,8.464163823,0.377595972
1845,932,91100,89400,92300,90900,93100,96900,99400,104800,-1700,2900,-1400,2200,3800,2500,5400,-1.866081229,3.243847875,-1.516793066,2.420242024,4.081632653,2.57997936,5.432595573
1846,1620,99300,98800,98000,101200,105900,113000,118500,125600,-500,-800,3200,4700,7100,5500,7100,-0.503524673,-0.809716599,3.265306122,4.644268775,6.704438149,4.867256637,5.991561181
1847,1764,69600,60600,51300,57000,57000,60300,58500,60000,-9000,-9300,5700,0,3300,-1800,1500,-12.93103448,-15.34653465,11.11111111,0,5.789473684,-2.985074627,2.564102564
1848,1189,229700,199700,195000,204600,229400,242500,255600,275800,-30000,-4700,9600,24800,13100,13100,20200,-13.06051371,-2.353530295,4.923076923,12.12121212,5.710549259,5.402061856,7.902973396
1849,2198,74600,71700,71600,73700,78100,85300,91300,99700,-2900,-100,2100,4400,7200,6000,8400,-3.887399464,-0.139470014,2.932960894,5.970149254,9.218950064,7.033997655,9.200438116
1850,1536,94200,93000,93600,95500,100700,107100,112600,120000,-1200,600,1900,5200,6400,5500,7400,-1.27388535,0.64516129,2.02991453,5.445026178,6.35551142,5.135387488,6.571936057
1851,1415,128000,123800,119400,119400,119000,121600,124200,124100,-4200,-4400,0,-400,2600,2600,-100,-3.28125,-3.554119548,0,-0.335008375,2.18487395,2.138157895,-0.080515298
1852,1967,254500,227200,215400,220600,231500,241500,252500,265800,-27300,-11800,5200,10900,10000,11000,13300,-10.72691552,-5.193661972,2.414113278,4.94106981,4.319654428,4.554865424,5.267326733
1853,961,75400,73700,72100,69200,69700,71100,73200,74200,-1700,-1600,-2900,500,1400,2100,1000,-2.25464191,-2.170963365,-4.022191401,0.722543353,2.008608321,2.953586498,1.366120219
1854,1416,105700,105600,91200,96400,103100,106400,107100,119300,-100,-14400,5200,6700,3300,700,12200,-0.094607379,-13.63636364,5.701754386,6.950207469,3.200775946,0.657894737,11.39122316
1855,2438,59100,50500,44600,42200,44800,52800,44500,46200,-8600,-5900,-2400,2600,8000,-8300,1700,-14.55160745,-11.68316832,-5.381165919,6.161137441,17.85714286,-15.71969697,3.820224719
1856,802,81300,84700,79400,80700,81500,80800,86000,88400,3400,-5300,1300,800,-700,5200,2400,4.18204182,-6.257378985,1.637279597,0.991325898,-0.858895706,6.435643564,2.790697674
1857,1517,96000,93200,93100,95000,99800,106700,112600,112500,-2800,-100,1900,4800,6900,5900,-100,-2.916666667,-0.107296137,2.040816327,5.052631579,6.913827655,5.529522024,-0.088809947
1858,635,95100,83500,81800,79600,78100,82500,77200,80600,-11600,-1700,-2200,-1500,4400,-5300,3400,-12.19768665,-2.035928144,-2.689486553,-1.884422111,5.633802817,-6.424242424,4.404145078
1859,1268,100700,104800,94900,95500,96800,95200,98900,107100,4100,-9900,600,1300,-1600,3700,8200,4.071499503,-9.446564885,0.632244468,1.361256545,-1.652892562,3.886554622,8.291203236
1860,557,64500,64700,65600,68100,67300,68900,68600,69300,200,900,2500,-800,1600,-300,700,0.310077519,1.391035549,3.81097561,-1.174743025,2.377414562,-0.435413643,1.020408163
1861,45,409400,402900,372600,398200,463600,486700,516300,551800,-6500,-30300,25600,65400,23100,29600,35500,-1.587689301,-7.520476545,6.870638755,16.42390758,4.982743745,6.081775221,6.875847376
1862,1401,58800,52500,44700,53300,55300,52200,54500,56000,-6300,-7800,8600,2000,-3100,2300,1500,-10.71428571,-14.85714286,19.2393736,3.752345216,-5.605786618,4.406130268,2.752293578
1863,1488,66500,67400,56100,55400,57700,57000,60600,65700,900,-11300,-700,2300,-700,3600,5100,1.353383459,-16.76557864,-1.247771836,4.151624549,-1.213171577,6.315789474,8.415841584
1864,2670,43600,45700,43000,43700,44300,45900,47000,48700,2100,-2700,700,600,1600,1100,1700,4.816513761,-5.90809628,1.627906977,1.372997712,3.611738149,2.396514161,3.617021277
1865,2010,78300,76900,74400,75100,76400,80400,83500,86600,-1400,-2500,700,1300,4000,3100,3100,-1.787994891,-3.250975293,0.940860215,1.7310253,5.235602094,3.855721393,3.71257485
1866,794,103800,105900,108000,108700,110800,117500,119800,125000,2100,2100,700,2100,6700,2300,5200,2.023121387,1.983002833,0.648148148,1.931922723,6.046931408,1.957446809,4.340567613
1867,1389,113500,118600,116600,123500,132600,137500,144500,148600,5100,-2000,6900,9100,4900,7000,4100,4.49339207,-1.686340641,5.917667238,7.368421053,3.695324284,5.090909091,2.837370242
1868,1352,79000,78400,77000,82900,80100,73200,77400,79700,-600,-1400,5900,-2800,-6900,4200,2300,-0.759493671,-1.785714286,7.662337662,-3.377563329,-8.61423221,5.737704918,2.971576227
1869,897,164700,168400,158600,159000,167600,168500,172700,174700,3700,-9800,400,8600,900,4200,2000,2.246508804,-5.819477435,0.25220681,5.408805031,0.53699284,2.492581602,1.158077591
1870,109,248700,237500,230400,230900,236000,234800,244100,252400,-11200,-7100,500,5100,-1200,9300,8300,-4.503417772,-2.989473684,0.217013889,2.208748376,-0.508474576,3.960817717,3.400245801
1871,1192,125100,108600,97700,102100,119500,129300,144000,163500,-16500,-10900,4400,17400,9800,14700,19500,-13.18944844,-10.03683241,4.503582395,17.04211557,8.20083682,11.36890951,13.54166667
1872,1987,86900,86100,83600,83500,84000,85100,86600,89700,-800,-2500,-100,500,1100,1500,3100,-0.920598389,-2.903600465,-0.119617225,0.598802395,1.30952381,1.762632197,3.579676674
1873,1841,152300,161700,153800,151600,152100,152600,165800,176600,9400,-7900,-2200,500,500,13200,10800,6.17202889,-4.8855906,-1.430429129,0.329815303,0.328731098,8.650065531,6.513872135
1874,2304,93841,84008,78568,77459,82389,86420,86030,91454,-9833,-5440,-1109,4930,4031,-390,5424,-10.47836234,-6.475573755,-1.411516139,6.364657432,4.892643435,-0.451284425,6.304777403
1875,464,119600,117800,116200,112600,114100,121600,123600,131900,-1800,-1600,-3600,1500,7500,2000,8300,-1.505016722,-1.358234295,-3.098106713,1.332149201,6.57318142,1.644736842,6.715210356
1876,40,215300,208500,199900,205900,217700,227700,240200,258000,-6800,-8600,6000,11800,10000,12500,17800,-3.158383651,-4.12470024,3.00150075,5.730937348,4.593477262,5.489679403,7.410491257
1877,1724,135100,119600,107800,121000,125800,127000,137000,145600,-15500,-11800,13200,4800,1200,10000,8600,-11.47298298,-9.866220736,12.24489796,3.966942149,0.953895072,7.874015748,6.277372263
1878,1625,117042,117021,111220,111728,117339,127414,140392,158299,-21,-5801,508,5611,10075,12978,17907,-0.017942277,-4.957229899,0.456752383,5.022017757,8.586233051,10.18569388,12.75500028
1879,484,41900,51900,52800,56500,57700,67600,76100,78000,10000,900,3700,1200,9900,8500,1900,23.86634845,1.734104046,7.007575758,2.123893805,17.15771231,12.5739645,2.496714849
1880,1448,90700,83100,74100,76900,80700,83600,86200,89200,-7600,-9000,2800,3800,2900,2600,3000,-8.379272326,-10.83032491,3.778677463,4.941482445,3.593556382,3.110047847,3.480278422
1881,1449,122700,121900,121100,123500,129900,138500,148700,159500,-800,-800,2400,6400,8600,10200,10800,-0.65199674,-0.656275636,1.981833196,5.182186235,6.62047729,7.364620939,7.262945528
1882,537,177200,173800,164000,170900,173900,180500,187900,200400,-3400,-9800,6900,3000,6600,7400,12500,-1.918735892,-5.638665132,4.207317073,1.755412522,3.795284646,4.099722992,6.652474721
1883,1582,132395,130677,127306,131187,138209,148151,156435,166295,-1718,-3371,3881,7022,9942,8284,9860,-1.297632086,-2.579642936,3.048560162,5.352664517,7.193453393,5.591592362,6.302937322
1884,2863,59500,62200,61100,65400,71400,76700,79900,81300,2700,-1100,4300,6000,5300,3200,1400,4.537815126,-1.768488746,7.037643208,9.174311927,7.422969188,4.172099087,1.752190238
1885,2285,96800,100200,93900,94000,93100,96000,102600,108900,3400,-6300,100,-900,2900,6600,6300,3.512396694,-6.28742515,0.106496273,-0.957446809,3.114930183,6.875,6.140350877
1886,1503,235700,227400,221000,234300,261500,279000,304800,321400,-8300,-6400,13300,27200,17500,25800,16600,-3.521425541,-2.814423923,6.018099548,11.60904823,6.692160612,9.247311828,5.446194226
1887,1392,132300,124100,105300,107600,122400,137600,153300,159200,-8200,-18800,2300,14800,15200,15700,5900,-6.198034769,-15.14907333,2.184235518,13.75464684,12.41830065,11.40988372,3.848662753
1888,363,179900,168600,156200,157200,165500,163600,171300,180900,-11300,-12400,1000,8300,-1900,7700,9600,-6.281267371,-7.354685647,0.640204866,5.279898219,-1.148036254,4.706601467,5.604203152
1889,740,65200,65900,64700,64300,64900,66900,67600,69400,700,-1200,-400,600,2000,700,1800,1.073619632,-1.820940819,-0.618238022,0.933125972,3.081664099,1.046337818,2.662721893
1890,1476,156600,180300,187700,214700,225100,227200,230700,222300,23700,7400,27000,10400,2100,3500,-8400,15.13409962,4.10427066,14.38465637,4.843968328,0.932918703,1.540492958,-3.641092328
1891,2676,47900,47300,46500,49900,56900,62600,74500,80400,-600,-800,3400,7000,5700,11900,5900,-1.252609603,-1.691331924,7.311827957,14.02805611,10.01757469,19.00958466,7.919463087
1892,1650,74800,69900,63600,62300,66100,69300,70800,71500,-4900,-6300,-1300,3800,3200,1500,700,-6.550802139,-9.012875536,-2.044025157,6.099518459,4.841149773,2.164502165,0.988700565
1893,2781,76100,63400,55600,47500,49500,47000,41400,49400,-12700,-7800,-8100,2000,-2500,-5600,8000,-16.68856767,-12.30283912,-14.56834532,4.210526316,-5.050505051,-11.91489362,19.3236715
1894,625,147500,146700,146500,149600,149000,153300,160800,171300,-800,-200,3100,-600,4300,7500,10500,-0.542372881,-0.136332652,2.116040956,-0.401069519,2.88590604,4.892367906,6.529850746
1895,2502,58200,58700,59400,60600,60100,60300,60500,62200,500,700,1200,-500,200,200,1700,0.859106529,1.192504259,2.02020202,-0.825082508,0.332778702,0.331674959,2.809917355
1896,2684,79200,78400,78300,78300,78300,78400,78400,81900,-800,-100,0,0,100,0,3500,-1.01010101,-0.12755102,0,0,0.127713921,0,4.464285714
1897,342,139800,138500,132700,132600,134500,139600,152200,160600,-1300,-5800,-100,1900,5100,12600,8400,-0.929899857,-4.187725632,-0.07535795,1.432880845,3.791821561,9.025787966,5.519053876
1898,1707,144800,139500,136900,136500,137700,143700,149200,156000,-5300,-2600,-400,1200,6000,5500,6800,-3.660220994,-1.863799283,-0.292184076,0.879120879,4.357298475,3.827418232,4.557640751
1899,1537,114900,119000,110000,107400,112600,112000,120200,122700,4100,-9000,-2600,5200,-600,8200,2500,3.568320279,-7.56302521,-2.363636364,4.841713222,-0.53285968,7.321428571,2.079866889
1900,345,238800,221700,202800,197300,198100,208200,207000,205300,-17100,-18900,-5500,800,10100,-1200,-1700,-7.16080402,-8.525033829,-2.712031558,0.405473898,5.098435134,-0.576368876,-0.821256039
1901,493,186400,182100,177900,182800,184800,186400,188000,193600,-4300,-4200,4900,2000,1600,1600,5600,-2.306866953,-2.306425041,2.75435638,1.094091904,0.865800866,0.858369099,2.978723404
1902,198,163300,160600,160000,166600,168100,174800,184000,196600,-2700,-600,6600,1500,6700,9200,12600,-1.653398653,-0.373599004,4.125,0.900360144,3.985722784,5.263157895,6.847826087
1903,1599,68343,69374,66034,72238,73908,72863,71487,73292,1031,-3340,6204,1670,-1045,-1376,1805,1.508567081,-4.814483812,9.395160069,2.311802652,-1.413920009,-1.888475632,2.524934603
1904,1615,72100,71000,71200,70100,72600,74500,77500,84500,-1100,200,-1100,2500,1900,3000,7000,-1.525658807,0.281690141,-1.54494382,3.566333809,2.61707989,4.026845638,9.032258065
1905,717,183300,178300,176500,181300,182600,187900,187000,192000,-5000,-1800,4800,1300,5300,-900,5000,-2.727768685,-1.009534492,2.719546742,0.717043574,2.902519168,-0.47897818,2.673796791
1906,1482,133400,132700,131000,132600,144600,141900,149700,150600,-700,-1700,1600,12000,-2700,7800,900,-0.524737631,-1.281085154,1.221374046,9.049773756,-1.867219917,5.496828753,0.601202405
1907,1819,285200,268400,262600,274400,297800,313000,334400,362600,-16800,-5800,11800,23400,15200,21400,28200,-5.890603086,-2.1609538,4.493526276,8.527696793,5.104096709,6.837060703,8.433014354
1908,845,173100,173300,163300,156100,165800,176600,195100,213500,200,-10000,-7200,9700,10800,18500,18400,0.11554015,-5.77034045,-4.409063074,6.213965407,6.513872135,10.47565119,9.431060994
1909,1873,114209,111231,105634,109835,110847,119110,122933,127961,-2978,-5597,4201,1012,8263,3823,5028,-2.607500285,-5.031870612,3.976939243,0.921382073,7.454419154,3.20963815,4.090032782
1910,2390,154100,152300,152000,156300,158500,160800,164000,168500,-1800,-300,4300,2200,2300,3200,4500,-1.16807268,-0.196979645,2.828947368,1.407549584,1.451104101,1.990049751,2.743902439
1911,206,136400,129100,124900,131500,135500,141500,146700,157400,-7300,-4200,6600,4000,6000,5200,10700,-5.351906158,-3.253292022,5.284227382,3.041825095,4.42804428,3.674911661,7.293796864
1912,1801,90700,80100,71900,72300,74300,78600,83600,92300,-10600,-8200,400,2000,4300,5000,8700,-11.68687982,-10.2372035,0.556328234,2.766251729,5.787348587,6.361323155,10.40669856
1913,2228,112700,112200,119400,123200,119400,123500,131200,137500,-500,7200,3800,-3800,4100,7700,6300,-0.443655723,6.417112299,3.182579564,-3.084415584,3.433835846,6.234817814,4.801829268
1914,2037,99400,92000,88500,90000,88700,92300,93200,97000,-7400,-3500,1500,-1300,3600,900,3800,-7.444668008,-3.804347826,1.694915254,-1.444444444,4.058624577,0.975081257,4.077253219
1915,1550,63800,63100,63400,63600,64300,66200,68700,70800,-700,300,200,700,1900,2500,2100,-1.097178683,0.475435816,0.315457413,1.100628931,2.954898911,3.776435045,3.056768559
1916,283,166400,158100,146600,151900,158500,158300,159900,172700,-8300,-11500,5300,6600,-200,1600,12800,-4.987980769,-7.273877293,3.615279673,4.344963792,-0.126182965,1.010739103,8.005003127
1917,183,220300,211500,197800,213600,232400,237100,249800,261300,-8800,-13700,15800,18800,4700,12700,11500,-3.994552882,-6.477541371,7.987866532,8.801498127,2.022375215,5.356389709,4.603682946
1918,2168,59000,55500,50200,54300,51900,59900,59800,53000,-3500,-5300,4100,-2400,8000,-100,-6800,-5.93220339,-9.54954955,8.167330677,-4.419889503,15.41425819,-0.166944908,-11.37123746
1919,921,190200,149400,132400,141400,140100,145400,153400,157900,-40800,-17000,9000,-1300,5300,8000,4500,-21.4511041,-11.37884873,6.797583082,-0.919377652,3.783012134,5.502063274,2.933507171
1920,506,128500,127700,124100,124600,127400,127100,132000,135300,-800,-3600,500,2800,-300,4900,3300,-0.622568093,-2.819107283,0.402900886,2.247191011,-0.235478807,3.855232101,2.5
1921,516,90700,91600,90200,90000,100500,103800,104200,112000,900,-1400,-200,10500,3300,400,7800,0.992282249,-1.528384279,-0.22172949,11.66666667,3.28358209,0.385356455,7.485604607
1922,587,83400,82500,81900,75800,79400,77700,76800,82800,-900,-600,-6100,3600,-1700,-900,6000,-1.079136691,-0.727272727,-7.448107448,4.749340369,-2.141057935,-1.158301158,7.8125
1923,87,260200,239500,230500,245800,274600,291900,330900,371100,-20700,-9000,15300,28800,17300,39000,40200,-7.955418909,-3.75782881,6.637744035,11.71684296,6.300072833,13.36073998,12.1486854
1924,201,110200,117500,114100,121100,124200,128600,131100,131900,7300,-3400,7000,3100,4400,2500,800,6.624319419,-2.893617021,6.134969325,2.559867878,3.542673108,1.944012442,0.610221205
1925,313,301800,293300,282000,290600,293300,297300,308300,321900,-8500,-11300,8600,2700,4000,11000,13600,-2.816434725,-3.852710535,3.04964539,0.929112182,1.36379134,3.699966364,4.411287707
1926,320,121800,127000,121800,125100,125200,126600,130700,134300,5200,-5200,3300,100,1400,4100,3600,4.269293924,-4.094488189,2.709359606,0.079936051,1.118210863,3.238546603,2.754399388
1927,1684,131300,128000,128900,132600,140100,149500,160600,173500,-3300,900,3700,7500,9400,11100,12900,-2.513328256,0.703125,2.870442203,5.656108597,6.709493219,7.424749164,8.03237858
1928,1308,223200,205900,198500,188500,204200,218500,229500,248600,-17300,-7400,-10000,15700,14300,11000,19100,-7.750896057,-3.593977659,-5.037783375,8.328912467,7.002938296,5.034324943,8.322440087
1929,558,124700,124100,118600,123500,122400,121700,125600,127800,-600,-5500,4900,-1100,-700,3900,2200,-0.481154771,-4.43190975,4.13153457,-0.890688259,-0.571895425,3.204601479,1.751592357
1930,532,187500,184600,185400,185600,184300,189600,191600,193400,-2900,800,200,-1300,5300,2000,1800,-1.546666667,0.433369447,0.107874865,-0.700431034,2.875746066,1.054852321,0.939457203
1931,304,195500,190700,184700,178100,187400,193000,202700,222600,-4800,-6000,-6600,9300,5600,9700,19900,-2.455242967,-3.146303094,-3.573362209,5.221785514,2.988260406,5.025906736,9.817464233
1932,115,192500,175900,156000,173000,216300,243300,277000,305200,-16600,-19900,17000,43300,27000,33700,28200,-8.623376623,-11.31324616,10.8974359,25.02890173,12.48266297,13.85121249,10.18050542
1933,1206,164400,164000,159600,175000,197000,211900,226100,241700,-400,-4400,15400,22000,14900,14200,15600,-0.243309002,-2.682926829,9.649122807,12.57142857,7.563451777,6.701274186,6.899601946
1934,586,228000,220700,209400,206600,210000,213300,219200,225400,-7300,-11300,-2800,3400,3300,5900,6200,-3.201754386,-5.120072497,-1.337153773,1.645692159,1.571428571,2.766057196,2.828467153
1935,122,232700,226500,216700,221700,230700,236100,246700,262000,-6200,-9800,5000,9000,5400,10600,15300,-2.664374731,-4.326710817,2.307337333,4.059539919,2.340702211,4.489623041,6.201864613
1936,573,116400,113700,111800,111200,112500,118300,120400,125600,-2700,-1900,-600,1300,5800,2100,5200,-2.319587629,-1.671064204,-0.53667263,1.169064748,5.155555556,1.775147929,4.318936877
1937,856,119600,117200,112800,111700,110100,113200,118200,119900,-2400,-4400,-1100,-1600,3100,5000,1700,-2.006688963,-3.754266212,-0.975177305,-1.432408236,2.815622162,4.416961131,1.438240271
1938,2028,87063,84052,80533,78702,83157,86391,89579,97139,-3011,-3519,-1831,4455,3234,3188,7560,-3.458415171,-4.186693951,-2.273602126,5.660593123,3.889029186,3.690199211,8.439478003
1939,1445,85600,83700,80500,80000,79600,68300,77400,79400,-1900,-3200,-500,-400,-11300,9100,2000,-2.219626168,-3.823178017,-0.621118012,-0.5,-14.1959799,13.32357247,2.583979328
1940,2069,87200,80500,72900,68100,68000,66400,66800,70700,-6700,-7600,-4800,-100,-1600,400,3900,-7.683486239,-9.440993789,-6.58436214,-0.146842878,-2.352941176,0.602409639,5.838323353
1941,1159,41800,31500,26100,30200,36400,44700,52100,56300,-10300,-5400,4100,6200,8300,7400,4200,-24.64114833,-17.14285714,15.70881226,20.52980132,22.8021978,16.55480984,8.061420345
1942,2239,87100,96800,81700,83300,80400,80900,88100,94300,9700,-15100,1600,-2900,500,7200,6200,11.13662457,-15.59917355,1.958384333,-3.481392557,0.621890547,8.899876391,7.037457435
1943,321,83700,80400,85400,77300,79200,78300,79600,79900,-3300,5000,-8100,1900,-900,1300,300,-3.94265233,6.218905473,-9.484777518,2.457956016,-1.136363636,1.660280971,0.376884422
1944,392,104200,105900,105000,107200,108300,111000,114200,117800,1700,-900,2200,1100,2700,3200,3600,1.631477927,-0.849858357,2.095238095,1.026119403,2.493074792,2.882882883,3.152364273
1945,340,113400,111200,109200,114100,116900,119700,123500,131000,-2200,-2000,4900,2800,2800,3800,7500,-1.940035273,-1.798561151,4.487179487,2.45398773,2.395209581,3.174603175,6.072874494
1946,570,146500,143200,136500,141800,141100,141400,146900,141400,-3300,-6700,5300,-700,300,5500,-5500,-2.252559727,-4.67877095,3.882783883,-0.493653032,0.212615167,3.889674682,-3.744043567
1947,1903,52200,54400,56600,61500,59400,62300,67600,70600,2200,2200,4900,-2100,2900,5300,3000,4.214559387,4.044117647,8.657243816,-3.414634146,4.882154882,8.507223114,4.437869822
1948,664,71206,75958,72859,71277,72978,67772,74596,78821,4752,-3099,-1582,1701,-5206,6824,4225,6.673594922,-4.079886253,-2.171317202,2.386464077,-7.133656718,10.06905507,5.663842565
1949,903,147700,138100,131200,132100,132300,134400,138200,142800,-9600,-6900,900,200,2100,3800,4600,-6.499661476,-4.996379435,0.68597561,0.151400454,1.587301587,2.827380952,3.328509407
1950,1671,63700,64100,64600,65100,66800,68300,68600,67000,400,500,500,1700,1500,300,-1600,0.627943485,0.780031201,0.773993808,2.611367127,2.245508982,0.439238653,-2.332361516
1951,1240,117700,115800,103600,103100,113300,115900,121600,129600,-1900,-12200,-500,10200,2600,5700,8000,-1.614273577,-10.53540587,-0.482625483,9.893307468,2.294792586,4.918032787,6.578947368
1952,1245,172700,167300,160100,157300,167600,167200,178400,201800,-5400,-7200,-2800,10300,-400,11200,23400,-3.126809496,-4.303646145,-1.748906933,6.547997457,-0.238663484,6.698564593,13.11659193
1953,711,74700,74400,70800,70600,72200,73600,74900,75800,-300,-3600,-200,1600,1400,1300,900,-0.401606426,-4.838709677,-0.282485876,2.266288952,1.939058172,1.766304348,1.201602136
1954,2474,44900,44300,44700,47300,48200,49800,53900,57700,-600,400,2600,900,1600,4100,3800,-1.336302895,0.902934537,5.81655481,1.902748414,3.319502075,8.232931727,7.050092764
1955,173,169700,162700,161200,173900,191400,213000,243100,273200,-7000,-1500,12700,17500,21600,30100,30100,-4.124926341,-0.921942225,7.878411911,10.06325474,11.28526646,14.1314554,12.38173591
1956,1761,95600,93900,93100,93000,93200,95800,100900,106900,-1700,-800,-100,200,2600,5100,6000,-1.778242678,-0.851970181,-0.107411386,0.215053763,2.789699571,5.323590814,5.946481665
1957,2210,145400,146500,149400,153400,157500,165400,176200,184600,1100,2900,4000,4100,7900,10800,8400,0.7565337,1.979522184,2.677376171,2.672750978,5.015873016,6.529625151,4.767309875
1958,2513,185100,186700,183200,187800,192500,204200,223400,224800,1600,-3500,4600,4700,11700,19200,1400,0.864397623,-1.874665238,2.510917031,2.502662407,6.077922078,9.402546523,0.626678603
1959,32,530600,522400,496600,489500,511600,541000,555900,573500,-8200,-25800,-7100,22100,29400,14900,17600,-1.545420279,-4.938744257,-1.42972211,4.514811032,5.746677091,2.754158965,3.166037057
1960,131,108800,105600,106200,107200,112200,114300,118700,120700,-3200,600,1000,5000,2100,4400,2000,-2.941176471,0.568181818,0.941619586,4.664179104,1.871657754,3.84951881,1.684919966
1961,956,169100,160900,162800,159300,159700,161600,162400,167100,-8200,1900,-3500,400,1900,800,4700,-4.849201656,1.180857676,-2.14987715,0.251098556,1.189730745,0.495049505,2.89408867
1962,1704,73700,69100,61600,64800,65300,70400,75500,80400,-4600,-7500,3200,500,5100,5100,4900,-6.241519674,-10.85383502,5.194805195,0.771604938,7.810107198,7.244318182,6.490066225
1963,1603,92300,90100,89900,92600,98200,104800,111400,118200,-2200,-200,2700,5600,6600,6600,6800,-2.383531961,-0.221975583,3.003337041,6.047516199,6.720977597,6.297709924,6.104129264
1964,209,260600,253200,238700,244200,257200,265200,282700,320100,-7400,-14500,5500,13000,8000,17500,37400,-2.839600921,-5.726698262,2.304147465,5.323505324,3.110419907,6.598793363,13.22957198
1965,3043,107071,104247,105089,107350,111991,115041,116779,117207,-2824,842,2261,4641,3050,1738,428,-2.637502218,0.807697104,2.151509673,4.323241733,2.723433133,1.510765727,0.366504252
1966,2692,92900,112300,108900,90800,85700,90800,105300,136400,19400,-3400,-18100,-5100,5100,14500,31100,20.88266954,-3.02760463,-16.62075298,-5.616740088,5.950991832,15.969163,29.53466287
1967,448,97700,95400,94600,94200,100200,100000,99300,100400,-2300,-800,-400,6000,-200,-700,1100,-2.354145343,-0.838574423,-0.422832981,6.369426752,-0.199600798,-0.7,1.10775428
1968,1765,150900,131300,115200,121800,130000,135400,139200,147400,-19600,-16100,6600,8200,5400,3800,8200,-12.98873426,-12.26199543,5.729166667,6.732348112,4.153846154,2.806499261,5.890804598
1969,1809,69100,68700,70500,72200,71500,79500,85100,91000,-400,1800,1700,-700,8000,5600,5900,-0.578871201,2.620087336,2.411347518,-0.969529086,11.18881119,7.044025157,6.933019976
1970,1787,77000,73200,74700,74000,78300,80500,85600,90400,-3800,1500,-700,4300,2200,5100,4800,-4.935064935,2.049180328,-0.93708166,5.810810811,2.809706258,6.335403727,5.607476636
1971,1484,81800,81500,80500,79700,75600,80500,81000,82800,-300,-1000,-800,-4100,4900,500,1800,-0.366748166,-1.226993865,-0.99378882,-5.144291092,6.481481481,0.621118012,2.222222222
1972,1360,102500,90700,77200,83800,91900,99000,102200,105700,-11800,-13500,6600,8100,7100,3200,3500,-11.51219512,-14.88423374,8.549222798,9.665871122,7.725788901,3.232323232,3.424657534
1973,1692,119700,118900,118000,119100,119300,122900,127200,132400,-800,-900,1100,200,3600,4300,5200,-0.66833751,-0.756938604,0.93220339,0.167926113,3.017602682,3.498779496,4.088050314
1974,1322,79700,78700,77700,75300,76100,76600,76500,81800,-1000,-1000,-2400,800,500,-100,5300,-1.254705144,-1.27064803,-3.088803089,1.062416999,0.657030223,-0.130548303,6.928104575
1975,380,156400,138900,127500,127300,133500,134800,129200,135000,-17500,-11400,-200,6200,1300,-5600,5800,-11.18925831,-8.207343413,-0.156862745,4.870384918,0.973782772,-4.154302671,4.489164087
1976,2310,49000,49000,48500,49500,51500,54600,55500,58500,0,-500,1000,2000,3100,900,3000,0,-1.020408163,2.06185567,4.04040404,6.019417476,1.648351648,5.405405405
1977,2693,58500,57600,55900,55800,54800,53500,51900,61900,-900,-1700,-100,-1000,-1300,-1600,10000,-1.538461538,-2.951388889,-0.178890877,-1.792114695,-2.372262774,-2.990654206,19.26782274
1978,1444,119300,107900,114300,109900,110300,111800,117900,122500,-11400,6400,-4400,400,1500,6100,4600,-9.555741827,5.93141798,-3.84951881,0.363967243,1.359927471,5.456171735,3.901611535
1979,1180,195700,180300,167900,167100,177800,183300,191900,199500,-15400,-12400,-800,10700,5500,8600,7600,-7.869187532,-6.877426511,-0.476474092,6.403351287,3.09336333,4.691762139,3.96039604
1980,2491,55000,55000,55000,55000,54900,54300,54300,59400,0,0,0,-100,-600,0,5100,0,0,0,-0.181818182,-1.092896175,0,9.392265193
1981,2223,90800,96800,111600,132100,151500,175600,198500,212600,6000,14800,20500,19400,24100,22900,14100,6.607929515,15.2892562,18.36917563,14.68584406,15.90759076,13.04100228,7.103274559
1982,716,79100,78900,76500,78700,80400,80500,84000,88200,-200,-2400,2200,1700,100,3500,4200,-0.252844501,-3.041825095,2.875816993,2.160101652,0.124378109,4.347826087,5
1983,1013,233500,220400,212300,217400,224700,232200,242900,247300,-13100,-8100,5100,7300,7500,10700,4400,-5.610278373,-3.675136116,2.402260951,3.357865685,3.337783712,4.608096469,1.811445039
1984,1456,86700,80800,68900,71800,75800,76400,80000,83900,-5900,-11900,2900,4000,600,3600,3900,-6.805074971,-14.72772277,4.208998549,5.571030641,0.791556728,4.712041885,4.875
1985,226,304600,299500,296000,300600,332600,355000,374500,415800,-5100,-3500,4600,32000,22400,19500,41300,-1.674326986,-1.168614357,1.554054054,10.64537591,6.734816597,5.492957746,11.02803738
1986,1200,181800,180400,177700,184500,193100,211200,231100,253100,-1400,-2700,6800,8600,18100,19900,22000,-0.770077008,-1.496674058,3.82667417,4.661246612,9.373381668,9.422348485,9.519688447
1987,432,122800,120400,114200,114900,116900,118800,118600,120200,-2400,-6200,700,2000,1900,-200,1600,-1.954397394,-5.149501661,0.61295972,1.740644038,1.625320787,-0.168350168,1.349072513
1988,341,178200,173700,170800,172600,184400,200000,221700,244000,-4500,-2900,1800,11800,15600,21700,22300,-2.525252525,-1.669545193,1.053864169,6.836616454,8.459869848,10.85,10.0586378
1989,1585,178900,176100,176000,180700,195100,206400,227100,229000,-2800,-100,4700,14400,11300,20700,1900,-1.565120179,-0.056785917,2.670454545,7.969009408,5.791901589,10.02906977,0.836635843
1990,831,197200,184600,183300,190300,191800,197600,203000,207900,-12600,-1300,7000,1500,5800,5400,4900,-6.389452333,-0.704225352,3.818876159,0.788229112,3.023983316,2.732793522,2.413793103
1991,329,171600,164500,156000,147500,148000,155700,151200,157300,-7100,-8500,-8500,500,7700,-4500,6100,-4.137529138,-5.167173252,-5.448717949,0.338983051,5.202702703,-2.89017341,4.034391534
1992,644,186900,175300,175100,169700,170300,167600,167600,170800,-11600,-200,-5400,600,-2700,0,3200,-6.206527555,-0.114090131,-3.083952027,0.353565115,-1.585437463,0,1.909307876
1993,546,175300,176600,177600,176600,178400,180400,180000,179500,1300,1000,-1000,1800,2000,-400,-500,0.741585853,0.566251416,-0.563063063,1.019252548,1.121076233,-0.22172949,-0.277777778
1994,2899,67000,67000,67000,66900,66900,66300,66200,72200,0,0,-100,0,-600,-100,6000,0,0,-0.149253731,0,-0.896860987,-0.150829563,9.063444109
1995,2700,77100,77500,77400,77400,77400,77400,77400,82900,400,-100,0,0,0,0,5500,0.518806744,-0.129032258,0,0,0,0,7.105943152
1996,1219,111600,103800,89000,85900,86700,86500,87900,93300,-7800,-14800,-3100,800,-200,1400,5400,-6.989247312,-14.25818882,-3.483146067,0.931315483,-0.230680507,1.61849711,6.14334471
1997,244,142100,144700,131600,144100,143600,149800,154300,160800,2600,-13100,12500,-500,6200,4500,6500,1.829697396,-9.053213545,9.498480243,-0.346981263,4.317548747,3.00400534,4.21257291
1998,580,134900,139500,131700,142200,136300,140600,144700,148500,4600,-7800,10500,-5900,4300,4100,3800,3.409933284,-5.591397849,7.972665148,-4.149085795,3.154805576,2.916073969,2.626123013
1999,534,152600,150200,148100,151700,150700,151500,162400,178200,-2400,-2100,3600,-1000,800,10900,15800,-1.572739187,-1.398135819,2.430790007,-0.659195781,0.530856005,7.194719472,9.729064039
2000,315,116100,119300,118900,119500,112200,123600,126700,129900,3200,-400,600,-7300,11400,3100,3200,2.756244617,-0.335289187,0.504625736,-6.108786611,10.16042781,2.508090615,2.525651144
2001,458,97400,98100,96100,96200,96700,97900,99800,101600,700,-2000,100,500,1200,1900,1800,0.718685832,-2.038735984,0.104058273,0.51975052,1.240951396,1.940755873,1.803607214
2002,415,84700,85100,84800,85900,87600,90600,93400,97900,400,-300,1100,1700,3000,2800,4500,0.472255018,-0.352526439,1.297169811,1.979045402,3.424657534,3.090507726,4.817987152
2003,364,83400,86200,83800,87300,89200,93200,99800,104500,2800,-2400,3500,1900,4000,6600,4700,3.357314149,-2.784222738,4.176610979,2.176403207,4.484304933,7.081545064,4.709418838
2004,1626,132100,136500,139700,151200,136500,142000,140200,150400,4400,3200,11500,-14700,5500,-1800,10200,3.330809992,2.344322344,8.231925555,-9.722222222,4.029304029,-1.267605634,7.27532097
2005,2378,44606,46156,48105,55260,55648,54718,57213,60825,1550,1949,7155,388,-930,2495,3612,3.474868852,4.222636277,14.87371375,0.70213536,-1.671219091,4.559742681,6.313250485
2006,924,72100,72700,74600,77300,82500,77400,81600,87500,600,1900,2700,5200,-5100,4200,5900,0.832177531,2.613480055,3.619302949,6.727037516,-6.181818182,5.426356589,7.230392157
2007,51,221300,214900,194400,202300,214400,223200,229400,243800,-6400,-20500,7900,12100,8800,6200,14400,-2.892001808,-9.539320614,4.063786008,5.981216016,4.104477612,2.777777778,6.277244987
2008,581,254300,227500,217000,219900,217200,217800,222300,231700,-26800,-10500,2900,-2700,600,4500,9400,-10.53873378,-4.615384615,1.33640553,-1.227830832,0.276243094,2.066115702,4.228520018
2009,2229,88500,91900,92900,91500,96100,92000,83900,77800,3400,1000,-1400,4600,-4100,-8100,-6100,3.84180791,1.088139282,-1.506996771,5.027322404,-4.266389178,-8.804347826,-7.270560191
2010,316,168500,164900,152600,163300,178900,185600,205000,222000,-3600,-12300,10700,15600,6700,19400,17000,-2.136498516,-7.459066101,7.011795544,9.552969994,3.745108999,10.45258621,8.292682927
2011,1284,66800,64500,45200,46000,52200,54600,63900,78200,-2300,-19300,800,6200,2400,9300,14300,-3.443113772,-29.92248062,1.769911504,13.47826087,4.597701149,17.03296703,22.37871674
2012,670,93700,92300,91100,91200,91200,98300,96500,101100,-1400,-1200,100,0,7100,-1800,4600,-1.494130203,-1.300108342,0.109769484,0,7.785087719,-1.831129196,4.766839378
2013,810,130800,132100,135800,137100,136700,133700,134800,136200,1300,3700,1300,-400,-3000,1100,1400,0.993883792,2.800908403,0.957290133,-0.291757841,-2.194586686,0.822737472,1.038575668
2014,797,109783,93715,100296,113000,108700,111300,111100,113400,-16068,6581,12704,-4300,2600,-200,2300,-14.63614585,7.022355013,12.66650714,-3.805309735,2.391904324,-0.179694519,2.070207021
2015,179,142400,141100,133800,136800,138300,136400,165300,172200,-1300,-7300,3000,1500,-1900,28900,6900,-0.912921348,-5.173635719,2.242152466,1.096491228,-1.373825018,21.18768328,4.174228675
2016,374,207700,190600,180000,185100,196500,216500,238400,277500,-17100,-10600,5100,11400,20000,21900,39100,-8.233028406,-5.5613851,2.833333333,6.158833063,10.17811705,10.11547344,16.40100671
2017,2488,128000,128400,129800,133000,139000,142900,149300,158400,400,1400,3200,6000,3900,6400,9100,0.3125,1.090342679,2.465331279,4.511278195,2.805755396,4.478656403,6.095110516
2018,842,110100,110700,108700,113100,117200,121300,126100,133400,600,-2000,4400,4100,4100,4800,7300,0.544959128,-1.806684734,4.047838086,3.625110522,3.498293515,3.95713108,5.789056305
2019,199,194300,173500,162800,176300,206500,222900,236500,256600,-20800,-10700,13500,30200,16400,13600,20100,-10.70509521,-6.167146974,8.292383292,17.12989223,7.94188862,6.101390758,8.498942918
2020,2190,79600,70000,76900,80400,80100,80100,80000,84100,-9600,6900,3500,-300,0,-100,4100,-12.06030151,9.857142857,4.55136541,-0.373134328,0,-0.124843945,5.125
2021,1294,188800,190600,184100,194500,199600,204700,208500,215400,1800,-6500,10400,5100,5100,3800,6900,0.953389831,-3.410283316,5.649103748,2.622107969,2.55511022,1.856375183,3.309352518
2022,210,276800,250000,235700,253400,312100,336400,364300,390500,-26800,-14300,17700,58700,24300,27900,26200,-9.682080925,-5.72,7.509546033,23.16495659,7.785966037,8.293697979,7.191874828
2023,216,217800,221700,212800,220100,222000,227100,235500,248600,3900,-8900,7300,1900,5100,8400,13100,1.790633609,-4.01443392,3.430451128,0.86324398,2.297297297,3.698811096,5.562632696
2024,110,169300,159200,149400,148600,146400,151100,155700,161400,-10100,-9800,-800,-2200,4700,4600,5700,-5.965741288,-6.155778894,-0.535475234,-1.480484522,3.210382514,3.044341496,3.66088632
2025,189,140600,132800,127100,131400,136000,139200,155400,166600,-7800,-5700,4300,4600,3200,16200,11200,-5.547652916,-4.292168675,3.383162864,3.500761035,2.352941176,11.63793103,7.207207207
2026,494,295900,277400,267300,267500,271700,273500,281900,285700,-18500,-10100,200,4200,1800,8400,3800,-6.2521122,-3.640951694,0.074822297,1.570093458,0.662495399,3.071297989,1.347995743
2027,2256,67000,66000,66400,67500,71500,75600,82000,87000,-1000,400,1100,4000,4100,6400,5000,-1.492537313,0.606060606,1.656626506,5.925925926,5.734265734,8.465608466,6.097560976
2028,467,151700,140500,127600,139100,183100,182300,193200,217100,-11200,-12900,11500,44000,-800,10900,23900,-7.382992749,-9.181494662,9.012539185,31.63191948,-0.436919716,5.979155239,12.37060041
2029,217,132700,115100,102500,107200,117500,122200,123400,130900,-17600,-12600,4700,10300,4700,1200,7500,-13.26299925,-10.94700261,4.585365854,9.608208955,4,0.981996727,6.077795786
2030,2850,81000,81000,81000,80900,80800,80700,80100,87700,0,0,-100,-100,-100,-600,7600,0,0,-0.12345679,-0.123609394,-0.123762376,-0.743494424,9.488139825
2031,2675,58800,59400,59400,59500,59400,59400,59300,64900,600,0,100,-100,0,-100,5600,1.020408163,0,0.168350168,-0.168067227,0,-0.168350168,9.443507589
2032,2715,,,82900,82800,82800,82800,82800,86300,,,-100,0,0,0,3500,,,-0.120627262,0,0,0,4.22705314
2033,2134,,,103200,105100,104600,103700,110200,141000,,,1900,-500,-900,6500,30800,,,1.841085271,-0.475737393,-0.86042065,6.268081003,27.9491833
2034,2291,,,,157900,157600,157800,152400,140800,,,,-300,200,-5400,-11600,,,,-0.189993667,0.126903553,-3.422053232,-7.611548556
2035,3051,,,70500,71600,74900,77300,82800,85500,,,1100,3300,2400,5500,2700,,,1.560283688,4.608938547,3.204272363,7.115135834,3.260869565
2036,2695,,,,,119400,132300,120900,132400,,,,,12900,-11400,11500,,,,,10.8040201,-8.616780045,9.511993383
2037,2269,,,82900,80900,78500,80900,88300,92200,,,-2000,-2400,2400,7400,3900,,,-2.412545235,-2.966625464,3.057324841,9.147095179,4.416761042
2038,2247,,,69900,71800,70100,71100,77300,84200,,,1900,-1700,1000,6200,6900,,,2.718168813,-2.367688022,1.426533524,8.720112518,8.92626132
2039,2897,,,52100,52700,56000,59000,64600,75800,,,600,3300,3000,5600,11200,,,1.151631478,6.261859583,5.357142857,9.491525424,17.3374613
2040,2947,,,58200,58400,56900,51400,52700,53800,,,200,-1500,-5500,1300,1100,,,0.343642612,-2.568493151,-9.666080844,2.529182879,2.087286528
2041,2977,,,47400,48300,49700,53300,56200,60000,,,900,1400,3600,2900,3800,,,1.898734177,2.898550725,7.243460765,5.440900563,6.761565836
2042,2435,,,160100,126900,132200,130000,151800,170600,,,-33200,5300,-2200,21800,18800,,,-20.73703935,4.176516942,-1.664145234,16.76923077,12.38471673
2043,2137,,,135900,139600,139600,142900,144500,139600,,,3700,0,3300,1600,-4900,,,2.72259014,0,2.363896848,1.119664101,-3.39100346
2044,2908,,,124700,124800,125400,125300,130900,147500,,,100,600,-100,5600,16600,,,0.080192462,0.480769231,-0.079744817,4.469273743,12.68143621
2045,2146,,,162300,164000,172300,176300,158700,156900,,,1700,8300,4000,-17600,-1800,,,1.047443007,5.06097561,2.321532211,-9.982983551,-1.134215501
2046,2686,,,59900,59900,59800,59800,59700,65200,,,0,-100,0,-100,5500,,,0,-0.166944908,0,-0.16722408,9.212730318
2047,2790,,,102600,101600,101900,103300,92500,98800,,,-1000,300,1400,-10800,6300,,,-0.974658869,0.295275591,1.373895976,-10.45498548,6.810810811
2048,2847,,,67000,69500,67500,69500,72600,78600,,,2500,-2000,2000,3100,6000,,,3.731343284,-2.877697842,2.962962963,4.460431655,8.26446281
2049,2413,,,,,45500,57900,60800,73200,,,,,12400,2900,12400,,,,,27.25274725,5.008635579,20.39473684
2050,2002,,,166200,171200,169300,177300,184600,203700,,,5000,-1900,8000,7300,19100,,,3.008423586,-1.109813084,4.725339634,4.117315285,10.34669556
2051,1921,,,,,154700,142600,148800,152800,,,,,-12100,6200,4000,,,,,-7.821590175,4.347826087,2.688172043
2052,2370,,,57500,55300,55900,59700,61800,64800,,,-2200,600,3800,2100,3000,,,-3.826086957,1.084990958,6.797853309,3.51758794,4.854368932
2053,2866,,,94700,95100,91800,94300,99500,106500,,,400,-3300,2500,5200,7000,,,0.422386484,-3.470031546,2.723311547,5.514316013,7.035175879
2054,3017,,,66500,64600,62100,61200,60800,60700,,,-1900,-2500,-900,-400,-100,,,-2.857142857,-3.86996904,-1.449275362,-0.653594771,-0.164473684
2055,2980,,,46000,46000,46000,46000,45900,49000,,,0,0,0,-100,3100,,,0,0,0,-0.217391304,6.753812636
2056,3019,,,64500,64500,64500,64500,64400,68500,,,0,0,0,-100,4100,,,0,0,0,-0.15503876,6.366459627
2057,2882,,,67400,70100,69000,71500,77300,84900,,,2700,-1100,2500,5800,7600,,,4.005934718,-1.569186876,3.623188406,8.111888112,9.831824062
2058,2924,,,145200,145300,146800,150900,157800,167900,,,100,1500,4100,6900,10100,,,0.068870523,1.032346869,2.792915531,4.572564612,6.400506971
2059,1723,,,51800,50600,65800,71000,70700,77100,,,-1200,15200,5200,-300,6400,,,-2.316602317,30.03952569,7.902735562,-0.422535211,9.052333805
2060,3041,,,57300,58100,56100,51800,51400,55600,,,800,-2000,-4300,-400,4200,,,1.396160558,-3.442340792,-7.664884135,-0.772200772,8.171206226
2061,2898,,,52000,50300,51300,54300,60000,64600,,,-1700,1000,3000,5700,4600,,,-3.269230769,1.988071571,5.847953216,10.49723757,7.666666667
2062,2389,,,77300,77200,75800,78200,79600,78500,,,-100,-1400,2400,1400,-1100,,,-0.129366106,-1.813471503,3.166226913,1.79028133,-1.381909548
2063,2070,,,85700,89500,82300,80700,83800,94900,,,3800,-7200,-1600,3100,11100,,,4.434072345,-8.044692737,-1.944106926,3.841387856,13.24582339
2064,2364,,,56400,50300,58600,57000,59700,61100,,,-6100,8300,-1600,2700,1400,,,-10.81560284,16.50099404,-2.730375427,4.736842105,2.345058626
2065,2664,,,57100,61900,55900,56900,64400,86900,,,4800,-6000,1000,7500,22500,,,8.406304729,-9.693053312,1.788908766,13.18101933,34.9378882
2066,2387,,,84200,85700,84200,84200,83600,89200,,,1500,-1500,0,-600,5600,,,1.781472684,-1.750291715,0,-0.712589074,6.698564593
2067,3053,,,51400,51800,51800,41000,40700,40600,,,400,0,-10800,-300,-100,,,0.778210117,0,-20.84942085,-0.731707317,-0.245700246
2068,3092,,,56800,58000,58400,61300,64000,75400,,,1200,400,2900,2700,11400,,,2.112676056,0.689655172,4.965753425,4.4045677,17.8125
2069,2782,,,68200,71100,75000,79700,77300,74500,,,2900,3900,4700,-2400,-2800,,,4.252199413,5.485232068,6.266666667,-3.011292346,-3.62225097
2070,2334,,,131200,131600,139400,145100,145700,149000,,,400,7800,5700,600,3300,,,0.304878049,5.927051672,4.088952654,0.413507926,2.264927934
2071,2545,,,87900,89300,91400,95300,102900,108000,,,1400,2100,3900,7600,5100,,,1.592718999,2.35162374,4.266958425,7.974816369,4.956268222
2072,2905,,,74900,74900,74900,74900,74300,81300,,,0,0,0,-600,7000,,,0,0,0,-0.801068091,9.421265141
2073,3055,,,129500,129100,133000,134100,141400,151600,,,-400,3900,1100,7300,10200,,,-0.308880309,3.02091402,0.827067669,5.443698732,7.213578501
2074,3096,,,86900,87100,88300,94200,106700,113800,,,200,1200,5900,12500,7100,,,0.230149597,1.377726751,6.681766704,13.26963907,6.654170572
2075,2376,,,136600,133800,140800,143900,148500,148700,,,-2800,7000,3100,4600,200,,,-2.049780381,5.231689088,2.201704545,3.19666435,0.134680135
2076,2197,,,,94500,100400,100800,104000,108200,,,,5900,400,3200,4200,,,,6.243386243,0.398406375,3.174603175,4.038461538
2077,2248,,,75800,76600,79500,83300,87700,94600,,,800,2900,3800,4400,6900,,,1.055408971,3.785900783,4.779874214,5.282112845,7.867730901
2078,3012,,,54000,55100,55100,58400,61300,65800,,,1100,0,3300,2900,4500,,,2.037037037,0,5.989110708,4.965753425,7.340946166
2079,2711,,,57300,65200,73500,78000,85000,85700,,,7900,8300,4500,7000,700,,,13.78708551,12.73006135,6.12244898,8.974358974,0.823529412
2080,2875,,,62400,62400,62400,62400,61800,67900,,,0,0,0,-600,6100,,,0,0,0,-0.961538462,9.870550162
2081,2652,,,50100,48200,56800,50900,53600,81000,,,-1900,8600,-5900,2700,27400,,,-3.79241517,17.84232365,-10.38732394,5.304518664,51.11940299
2082,2888,,,75400,73900,72700,74400,76200,76700,,,-1500,-1200,1700,1800,500,,,-1.98938992,-1.623815968,2.338376891,2.419354839,0.656167979
2083,2255,,,173600,182200,196300,211900,185200,194300,,,8600,14100,15600,-26700,9100,,,4.953917051,7.738748628,7.947019868,-12.60028315,4.913606911
2084,3007,,,52900,49200,46500,44900,46900,50700,,,-3700,-2700,-1600,2000,3800,,,-6.994328922,-5.487804878,-3.440860215,4.454342984,8.102345416
2085,3015,,,46400,46400,46400,46400,46400,49300,,,0,0,0,0,2900,,,0,0,0,0,6.25
2086,1747,,,137900,141300,141000,147700,153500,159700,,,3400,-300,6700,5800,6200,,,2.46555475,-0.212314225,4.75177305,3.926878808,4.039087948
2087,2428,,,68200,66400,66300,64900,65400,66600,,,-1800,-100,-1400,500,1200,,,-2.639296188,-0.15060241,-2.111613876,0.770416025,1.834862385
2088,2178,,,,,43100,48000,51900,54000,,,,,4900,3900,2100,,,,,11.36890951,8.125,4.046242775
2089,3097,,,90300,93000,95200,100200,108700,118900,,,2700,2200,5000,8500,10200,,,2.990033223,2.365591398,5.25210084,8.483033932,9.383624655
2090,1832,,,46700,56600,80800,66500,58300,68900,,,9900,24200,-14300,-8200,10600,,,21.19914347,42.75618375,-17.6980198,-12.33082707,18.18181818
2091,1998,,,117600,118100,120800,126000,128200,134900,,,500,2700,5200,2200,6700,,,0.425170068,2.286198137,4.304635762,1.746031746,5.226209048
2092,2414,,,132100,113400,114800,123700,137700,133900,,,-18700,1400,8900,14000,-3800,,,-14.15594247,1.234567901,7.75261324,11.31770412,-2.759622367
2093,2911,,,47700,48000,48500,51700,56700,59900,,,300,500,3200,5000,3200,,,0.628930818,1.041666667,6.597938144,9.671179884,5.643738977
2094,2886,,,83600,87000,86700,88200,93000,103000,,,3400,-300,1500,4800,10000,,,4.066985646,-0.344827586,1.730103806,5.442176871,10.75268817
2095,2626,,,53800,57800,58500,60600,61600,64300,,,4000,700,2100,1000,2700,,,7.434944238,1.211072664,3.58974359,1.650165017,4.383116883
2096,2658,,,75000,69900,75800,67300,58200,73400,,,-5100,5900,-8500,-9100,15200,,,-6.8,8.440629471,-11.21372032,-13.52154532,26.11683849
2097,2439,,,133900,136700,151200,155500,162100,166200,,,2800,14500,4300,6600,4100,,,2.091112771,10.60716898,2.843915344,4.24437299,2.529302899
2098,2910,,,33900,34600,36800,40300,42700,46000,,,700,2200,3500,2400,3300,,,2.064896755,6.358381503,9.510869565,5.955334988,7.728337237
2099,2856,,,121300,121500,123100,119800,126000,146900,,,200,1600,-3300,6200,20900,,,0.164880462,1.316872428,-2.68074736,5.175292154,16.58730159
2100,2804,,,68200,81600,91400,73000,81500,106900,,,13400,9800,-18400,8500,25400,,,19.64809384,12.00980392,-20.13129103,11.64383562,31.16564417
2101,2112,,,152800,155900,165500,176300,159800,156900,,,3100,9600,10800,-16500,-2900,,,2.028795812,6.157793457,6.525679758,-9.359047079,-1.814768461
2102,3023,,,61900,60600,60800,63000,63000,64900,,,-1300,200,2200,0,1900,,,-2.100161551,0.330033003,3.618421053,0,3.015873016
2103,3004,,,137600,141000,149500,152300,155300,162500,,,3400,8500,2800,3000,7200,,,2.470930233,6.028368794,1.872909699,1.969796454,4.636188023
2104,2408,,,92400,94000,99300,99900,106800,112300,,,1600,5300,600,6900,5500,,,1.731601732,5.638297872,0.604229607,6.906906907,5.149812734
2105,2426,,,56500,53000,51200,45600,44300,36300,,,-3500,-1800,-5600,-1300,-8000,,,-6.194690265,-3.396226415,-10.9375,-2.850877193,-18.05869074
2106,1770,,,111800,111500,109100,112300,116000,118400,,,-300,-2400,3200,3700,2400,,,-0.268336315,-2.152466368,2.933088909,3.294746215,2.068965517
2107,2951,,,75100,74900,76500,73800,80700,79700,,,-200,1600,-2700,6900,-1000,,,-0.266311585,2.136181575,-3.529411765,9.349593496,-1.239157373
2108,2991,,,39700,40300,42500,45200,48200,53500,,,600,2200,2700,3000,5300,,,1.511335013,5.459057072,6.352941176,6.637168142,10.99585062
2109,3022,,,70500,70000,70200,74100,87000,95500,,,-500,200,3900,12900,8500,,,-0.709219858,0.285714286,5.555555556,17.40890688,9.770114943
2110,2391,,,79800,75200,87700,84700,82700,91700,,,-4600,12500,-3000,-2000,9000,,,-5.764411028,16.62234043,-3.420752566,-2.361275089,10.88270859
2111,1105,,,89500,84000,81800,70600,76500,98500,,,-5500,-2200,-11200,5900,22000,,,-6.145251397,-2.619047619,-13.69193154,8.35694051,28.75816993
2112,2917,,,151100,154700,160900,170400,178800,193400,,,3600,6200,9500,8400,14600,,,2.382528127,4.007756949,5.904288378,4.929577465,8.165548098
2113,2961,,,84800,84500,88100,88800,94000,99900,,,-300,3600,700,5200,5900,,,-0.353773585,4.26035503,0.794551646,5.855855856,6.276595745
2114,2554,,,37100,38200,39900,43200,47800,50900,,,1100,1700,3300,4600,3100,,,2.964959569,4.45026178,8.270676692,10.64814815,6.485355649
2115,2945,,,98000,97200,105600,119800,108900,111800,,,-800,8400,14200,-10900,2900,,,-0.816326531,8.641975309,13.4469697,-9.098497496,2.662993572
2116,2277,,,138400,138800,140800,142000,148100,175600,,,400,2000,1200,6100,27500,,,0.289017341,1.44092219,0.852272727,4.295774648,18.56853477
2117,2842,,,60400,62400,57800,53600,54100,65400,,,2000,-4600,-4200,500,11300,,,3.311258278,-7.371794872,-7.266435986,0.932835821,20.88724584
2118,2949,,,130400,134700,137700,142200,146800,139100,,,4300,3000,4500,4600,-7700,,,3.297546012,2.227171492,3.267973856,3.23488045,-5.245231608
2119,2873,,,94000,95600,100000,101000,106100,113300,,,1600,4400,1000,5100,7200,,,1.70212766,4.60251046,1,5.04950495,6.786050895
2120,1672,,,,,101500,88800,88900,94300,,,,,-12700,100,5400,,,,,-12.51231527,0.112612613,6.07424072
2121,2226,,,71800,65600,59600,65800,66600,71400,,,-6200,-6000,6200,800,4800,,,-8.635097493,-9.146341463,10.40268456,1.215805471,7.207207207
2122,3062,,,84200,89200,92700,100000,108900,113500,,,5000,3500,7300,8900,4600,,,5.93824228,3.923766816,7.874865156,8.9,4.22405877
2123,1943,,,72900,66000,53300,54400,59300,72000,,,-6900,-12700,1100,4900,12700,,,-9.465020576,-19.24242424,2.063789869,9.007352941,21.41652614
2124,2680,,,75100,76500,68000,64400,63500,67400,,,1400,-8500,-3600,-900,3900,,,1.864181092,-11.11111111,-5.294117647,-1.397515528,6.141732283
2125,2746,,,48900,48900,52900,58100,55600,68300,,,0,4000,5200,-2500,12700,,,0,8.1799591,9.829867675,-4.30292599,22.84172662
2126,3005,,,46500,47200,46000,45300,43000,41400,,,700,-1200,-700,-2300,-1600,,,1.505376344,-2.542372881,-1.52173913,-5.077262693,-3.720930233
2127,2116,,,50600,51700,58500,63900,64000,70800,,,1100,6800,5400,100,6800,,,2.173913043,13.15280464,9.230769231,0.156494523,10.625
2128,3044,,,133900,136700,139300,146000,143700,159300,,,2800,2600,6700,-2300,15600,,,2.091112771,1.901975128,4.809763101,-1.575342466,10.8559499
2129,2970,,,85600,86000,86600,89700,97600,109700,,,400,600,3100,7900,12100,,,0.46728972,0.697674419,3.579676674,8.807134894,12.39754098
2130,2867,,,64900,67600,61800,60100,62500,69000,,,2700,-5800,-1700,2400,6500,,,4.160246533,-8.579881657,-2.750809061,3.993344426,10.4
2131,2952,,,76600,77100,81400,86500,92100,97100,,,500,4300,5100,5600,5000,,,0.652741514,5.577172503,6.265356265,6.473988439,5.42888165
2132,2406,,,70400,69300,70600,55500,61100,64800,,,-1100,1300,-15100,5600,3700,,,-1.5625,1.875901876,-21.38810198,10.09009009,6.055646481
2133,2939,,,81400,84500,89700,94600,107200,118500,,,3100,5200,4900,12600,11300,,,3.808353808,6.153846154,5.462653289,13.3192389,10.54104478
2134,2981,,,48400,47600,50400,56200,58200,63400,,,-800,2800,5800,2000,5200,,,-1.652892562,5.882352941,11.50793651,3.558718861,8.934707904
2135,3025,,,82100,81300,83700,81800,84500,87300,,,-800,2400,-1900,2700,2800,,,-0.974421437,2.95202952,-2.270011947,3.300733496,3.313609467
2136,2954,,,70200,70700,69700,71600,67100,78600,,,500,-1000,1900,-4500,11500,,,0.712250712,-1.414427157,2.725968436,-6.284916201,17.13859911
2137,2600,,,61300,61200,60900,61700,61700,71600,,,-100,-300,800,0,9900,,,-0.163132137,-0.490196078,1.3136289,0,16.04538088
2138,1101,,,50700,47200,45900,48100,47300,53700,,,-3500,-1300,2200,-800,6400,,,-6.903353057,-2.754237288,4.793028322,-1.663201663,13.53065539
2139,2299,,,33800,28200,29200,31700,35100,37700,,,-5600,1000,2500,3400,2600,,,-16.56804734,3.546099291,8.561643836,10.72555205,7.407407407
2140,2726,,,104500,104100,104300,103100,105300,125600,,,-400,200,-1200,2200,20300,,,-0.38277512,0.192122959,-1.150527325,2.13385063,19.27825261
2141,2055,,,64800,66000,65500,66800,74300,82000,,,1200,-500,1300,7500,7700,,,1.851851852,-0.757575758,1.984732824,11.22754491,10.36339166
2142,2180,,,64300,64100,60300,60100,62200,68500,,,-200,-3800,-200,2100,6300,,,-0.311041991,-5.928237129,-0.331674959,3.494176373,10.12861736
2143,2998,,,57900,55400,53900,53100,48600,47100,,,-2500,-1500,-800,-4500,-1500,,,-4.317789292,-2.707581227,-1.484230056,-8.474576271,-3.086419753
2144,1799,,,92900,87400,87300,65500,65100,71900,,,-5500,-100,-21800,-400,6800,,,-5.920344456,-0.114416476,-24.97136312,-0.610687023,10.44546851
2145,2922,,,54000,55300,57100,60200,65200,69200,,,1300,1800,3100,5000,4000,,,2.407407407,3.254972875,5.429071804,8.305647841,6.134969325
2146,2323,,,69900,68100,65700,65300,65700,64100,,,-1800,-2400,-400,400,-1600,,,-2.575107296,-3.524229075,-0.608828006,0.612557427,-2.435312024
2147,2874,,,64500,63700,63500,65400,67100,67900,,,-800,-200,1900,1700,800,,,-1.240310078,-0.313971743,2.992125984,2.599388379,1.192250373
2148,2179,,,68200,65200,67900,68600,70900,67200,,,-3000,2700,700,2300,-3700,,,-4.398826979,4.141104294,1.030927835,3.352769679,-5.218617772
2149,2953,,,61000,61200,62400,58700,60100,64500,,,200,1200,-3700,1400,4400,,,0.327868852,1.960784314,-5.929487179,2.385008518,7.321131448
2150,2976,,,49300,49900,50200,53200,58200,60000,,,600,300,3000,5000,1800,,,1.21703854,0.601202405,5.976095618,9.398496241,3.092783505
2151,2326,,,224300,224300,224100,223500,222600,243500,,,0,-200,-600,-900,20900,,,0,-0.089166295,-0.267737617,-0.402684564,9.389038634
2152,2913,,,68200,67300,66300,69800,71700,72700,,,-900,-1000,3500,1900,1000,,,-1.319648094,-1.485884101,5.279034691,2.722063037,1.394700139
2153,2608,,,,,84600,88300,84000,105500,,,,,3700,-4300,21500,,,,,4.373522459,-4.869762174,25.5952381
2154,643,,,101320,101275,108300,116059,121688,124389,,,-45,7025,7759,5629,2701,,,-0.044413739,6.936558874,7.164358264,4.850119336,2.219610808
2155,1666,,,,,64500,52400,49600,51300,,,,,-12100,-2800,1700,,,,,-18.75968992,-5.34351145,3.427419355
2156,2865,,,61700,63600,61400,63300,66000,72700,,,1900,-2200,1900,2700,6700,,,3.079416532,-3.459119497,3.094462541,4.265402844,10.15151515
2157,2840,,,79800,86400,89100,89600,94900,101400,,,6600,2700,500,5300,6500,,,8.270676692,3.125,0.561167228,5.915178571,6.849315068
2158,325,,,,70400,101300,94200,107400,109100,,,,30900,-7100,13200,1700,,,,43.89204545,-7.008884501,14.01273885,1.582867784
2159,2625,,,62300,63500,65700,71300,75700,63200,,,1200,2200,5600,4400,-12500,,,1.926163724,3.464566929,8.523592085,6.171107994,-16.51254954
2160,2436,,,78500,78500,78500,78500,78500,83700,,,0,0,0,0,5200,,,0,0,0,0,6.624203822
2161,2412,,,140000,163900,192500,201600,227900,218800,,,23900,28600,9100,26300,-9100,,,17.07142857,17.44966443,4.727272727,13.04563492,-3.992979377
2162,2956,,,110900,114800,118100,121900,124000,122300,,,3900,3300,3800,2100,-1700,,,3.516681695,2.87456446,3.217612193,1.722723544,-1.370967742
2163,1463,,,110200,104200,110600,122900,106000,115300,,,-6000,6400,12300,-16900,9300,,,-5.444646098,6.142034549,11.12115732,-13.75101709,8.773584906
2164,2872,,,79400,80900,80500,82800,85900,89200,,,1500,-400,2300,3100,3300,,,1.889168766,-0.494437577,2.857142857,3.743961353,3.841676368
2165,2090,,,58600,59200,58400,59500,60200,67100,,,600,-800,1100,700,6900,,,1.023890785,-1.351351351,1.883561644,1.176470588,11.46179402
2166,1487,,,120900,117400,113300,115100,119700,126800,,,-3500,-4100,1800,4600,7100,,,-2.894954508,-3.492333901,1.58870256,3.996524761,5.931495405
2167,2928,,,59400,58300,58700,61200,62300,64600,,,-1100,400,2500,1100,2300,,,-1.851851852,0.686106346,4.258943782,1.797385621,3.691813804
2168,2871,,,77500,78000,81400,84900,89500,93400,,,500,3400,3500,4600,3900,,,0.64516129,4.358974359,4.2997543,5.418138987,4.357541899
2169,2127,,,50900,51500,52500,55500,59100,62500,,,600,1000,3000,3600,3400,,,1.178781925,1.941747573,5.714285714,6.486486486,5.752961083
2170,2303,,,124500,125000,126400,131600,139300,145800,,,500,1400,5200,7700,6500,,,0.401606426,1.12,4.113924051,5.85106383,4.666188083
2171,2972,,,51600,51000,50800,51800,50300,48300,,,-600,-200,1000,-1500,-2000,,,-1.162790698,-0.392156863,1.968503937,-2.895752896,-3.976143141
2172,1820,,,,,65700,63600,66700,75400,,,,,-2100,3100,8700,,,,,-3.196347032,4.874213836,13.04347826
2173,2433,,,79900,79900,79900,79800,79800,84800,,,0,0,-100,0,5000,,,0,0,-0.125156446,0,6.26566416
2174,1676,,,92600,92700,92800,92900,89100,92400,,,100,100,100,-3800,3300,,,0.107991361,0.107874865,0.107758621,-4.090419806,3.703703704
2175,2423,,,65300,62600,61200,62700,62800,65900,,,-2700,-1400,1500,100,3100,,,-4.134762634,-2.236421725,2.450980392,0.159489633,4.936305732
2176,2284,,,62000,63300,68400,75600,80400,91900,,,1300,5100,7200,4800,11500,,,2.096774194,8.056872038,10.52631579,6.349206349,14.30348259
2177,1944,,,,,176500,185100,145700,142500,,,,,8600,-39400,-3200,,,,,4.872521246,-21.28579146,-2.196293754
2178,1592,,,70500,70600,71700,73900,77500,81000,,,100,1100,2200,3600,3500,,,0.141843972,1.558073654,3.068340307,4.871447903,4.516129032
2179,1566,,,105800,105600,109200,114200,118400,122900,,,-200,3600,5000,4200,4500,,,-0.189035917,3.409090909,4.578754579,3.677758319,3.800675676
2180,2437,,,56900,56400,55800,58300,58500,60500,,,-500,-600,2500,200,2000,,,-0.878734622,-1.063829787,4.480286738,0.343053173,3.418803419
2181,2244,,,94700,78200,81800,80400,89100,108200,,,-16500,3600,-1400,8700,19100,,,-17.42344245,4.603580563,-1.711491443,10.82089552,21.4365881
2182,2959,,,102500,110000,121000,133000,145800,159600,,,7500,11000,12000,12800,13800,,,7.317073171,10,9.917355372,9.62406015,9.465020576
2183,1882,,,94800,93800,94600,99400,95200,87800,,,-1000,800,4800,-4200,-7400,,,-1.054852321,0.852878465,5.073995772,-4.225352113,-7.773109244
2184,2915,,,138300,138900,142200,144600,150200,163400,,,600,3300,2400,5600,13200,,,0.433839479,2.375809935,1.687763713,3.87275242,8.78828229
2185,2185,,,106600,107000,83900,87000,90200,99600,,,400,-23100,3100,3200,9400,,,0.375234522,-21.58878505,3.694874851,3.67816092,10.42128603
2186,3071,,,109700,110800,114600,119600,122200,124800,,,1100,3800,5000,2600,2600,,,1.002734731,3.429602888,4.363001745,2.173913043,2.127659574
2187,2003,,,68500,68900,69100,67300,71400,73900,,,400,200,-1800,4100,2500,,,0.583941606,0.290275762,-2.604920405,6.092124814,3.50140056
2188,2202,,,69400,81700,65600,67900,69900,76100,,,12300,-16100,2300,2000,6200,,,17.72334294,-19.70624235,3.506097561,2.9455081,8.86981402
2189,2777,,,73000,69800,74000,66900,61200,75700,,,-3200,4200,-7100,-5700,14500,,,-4.383561644,6.017191977,-9.594594595,-8.520179372,23.69281046
2190,1047,,,42100,42400,41300,40000,39500,44700,,,300,-1100,-1300,-500,5200,,,0.712589074,-2.594339623,-3.147699758,-1.25,13.16455696
2191,2941,,,64600,64100,65000,68500,75500,80500,,,-500,900,3500,7000,5000,,,-0.773993808,1.404056162,5.384615385,10.2189781,6.622516556
2192,2884,,,63900,63900,63900,63900,63800,66800,,,0,0,0,-100,3000,,,0,0,0,-0.156494523,4.702194357
2193,2535,,,100500,99900,101800,108400,118100,114200,,,-600,1900,6600,9700,-3900,,,-0.597014925,1.901901902,6.483300589,8.948339483,-3.302286198
2194,2931,,,,90300,95700,100200,105000,110100,,,,5400,4500,4800,5100,,,,5.980066445,4.702194357,4.790419162,4.857142857
2195,2793,,,74700,73700,75200,71200,80900,103400,,,-1000,1500,-4000,9700,22500,,,-1.338688086,2.035278155,-5.319148936,13.62359551,27.81211372
2196,2672,,,121600,122000,122100,122300,122200,133300,,,400,100,200,-100,11100,,,0.328947368,0.081967213,0.163800164,-0.081766149,9.083469722
2197,2854,,,75900,75900,75800,75800,75700,82300,,,0,-100,0,-100,6600,,,0,-0.131752306,0,-0.131926121,8.718626156
2198,2940,,,51900,51800,50900,51200,52100,50400,,,-100,-900,300,900,-1700,,,-0.192678227,-1.737451737,0.589390963,1.7578125,-3.262955854
2199,2357,,,59500,56600,51800,46900,52100,53000,,,-2900,-4800,-4900,5200,900,,,-4.87394958,-8.480565371,-9.459459459,11.08742004,1.727447217
2200,2452,,,419300,419200,419000,418400,416600,455700,,,-100,-200,-600,-1800,39100,,,-0.023849273,-0.047709924,-0.143198091,-0.430210325,9.38550168
2201,2877,,,199700,203600,210000,210700,216900,223400,,,3900,6400,700,6200,6500,,,1.952929394,3.143418468,0.333333333,2.942572378,2.996772706
2202,1982,,,160400,149500,152200,156100,179400,158600,,,-10900,2700,3900,23300,-20800,,,-6.795511222,1.806020067,2.562417871,14.92632928,-11.5942029
2203,2938,,,61100,60400,59500,61700,60500,62500,,,-700,-900,2200,-1200,2000,,,-1.145662848,-1.490066225,3.697478992,-1.944894652,3.305785124
2204,2371,,,123500,125700,130200,136400,141000,140100,,,2200,4500,6200,4600,-900,,,1.781376518,3.579952267,4.761904762,3.372434018,-0.638297872
2205,2996,,,60400,57900,54500,54500,52000,55700,,,-2500,-3400,0,-2500,3700,,,-4.139072848,-5.872193437,0,-4.587155963,7.115384615
2206,2345,,,,246600,246200,246400,245900,268600,,,,-400,200,-500,22700,,,,-0.162206002,0.081234768,-0.202922078,9.231394876
2207,1071,,,72800,78900,85900,77700,78100,,,,6100,7000,-8200,400,,,,8.379120879,8.871989861,-9.545983702,0.514800515,
2208,3087,,,133800,136800,140700,150000,166700,168300,,,3000,3900,9300,16700,1600,,,2.242152466,2.850877193,6.609808102,11.13333333,0.959808038
2209,1522,,,,,92600,103400,114800,130900,,,,,10800,11400,16100,,,,,11.66306695,11.02514507,14.02439024
2210,2849,,,164800,165700,182100,192800,196300,213800,,,900,16400,10700,3500,17500,,,0.546116505,9.897404949,5.875892367,1.815352697,8.914926133
2211,1999,,,,105400,96600,96300,92900,111900,,,,-8800,-300,-3400,19000,,,,-8.34914611,-0.310559006,-3.530633437,20.45209903
2212,2691,,,104100,88400,92700,98400,101900,130400,,,-15700,4300,5700,3500,28500,,,-15.08165226,4.864253394,6.148867314,3.556910569,27.96859666
2213,2943,,,83000,82900,81900,83400,85800,92500,,,-100,-1000,1500,2400,6700,,,-0.120481928,-1.206272618,1.831501832,2.877697842,7.808857809
2214,2016,,,102700,80600,82500,86400,81900,97400,,,-22100,1900,3900,-4500,15500,,,-21.51898734,2.357320099,4.727272727,-5.208333333,18.92551893
2215,2988,,,63500,64300,67500,70000,74100,79600,,,800,3200,2500,4100,5500,,,1.25984252,4.976671851,3.703703704,5.857142857,7.422402159
2216,2912,,,49500,48800,52700,56100,63000,65100,,,-700,3900,3400,6900,2100,,,-1.414141414,7.991803279,6.451612903,12.29946524,3.333333333
2217,2987,,,127600,127400,129500,130500,138900,150300,,,-200,2100,1000,8400,11400,,,-0.156739812,1.648351648,0.772200772,6.436781609,8.207343413
2218,2920,,,71100,70500,70200,75000,88200,98300,,,-600,-300,4800,13200,10100,,,-0.843881857,-0.425531915,6.837606838,17.6,11.45124717
2219,1681,,,103400,100100,102800,106600,116100,114800,,,-3300,2700,3800,9500,-1300,,,-3.191489362,2.697302697,3.696498054,8.911819887,-1.119724376
2220,2044,,,77000,74900,74800,78700,89000,92600,,,-2100,-100,3900,10300,3600,,,-2.727272727,-0.133511348,5.213903743,13.08767471,4.04494382
2221,2973,,,53300,52700,52000,53900,54200,54900,,,-600,-700,1900,300,700,,,-1.125703565,-1.328273245,3.653846154,0.556586271,1.291512915
2222,2079,,,187300,189000,136100,133900,129000,128300,,,1700,-52900,-2200,-4900,-700,,,0.90763481,-27.98941799,-1.616458486,-3.659447349,-0.542635659
2223,2957,,,53900,53900,53900,53900,53900,57300,,,0,0,0,0,3400,,,0,0,0,0,6.307977737
2224,2926,,,86400,86200,88100,87500,98300,107500,,,-200,1900,-600,10800,9200,,,-0.231481481,2.204176334,-0.681044268,12.34285714,9.359104781
2225,2779,,,,48000,37900,33600,37900,53900,,,,-10100,-4300,4300,16000,,,,-21.04166667,-11.34564644,12.79761905,42.21635884
2226,2184,,,91800,82300,81300,83300,93100,84600,,,-9500,-1000,2000,9800,-8500,,,-10.34858388,-1.215066829,2.4600246,11.76470588,-9.129967777
2227,2891,,,63900,63900,63900,63800,63700,69600,,,0,0,-100,-100,5900,,,0,0,-0.156494523,-0.156739812,9.262166405
2228,1699,,,339200,308100,246400,253300,257800,284400,,,-31100,-61700,6900,4500,26600,,,-9.168632075,-20.0259656,2.800324675,1.776549546,10.31807603
2229,2712,,,123100,123800,124100,123900,123800,134100,,,700,300,-200,-100,10300,,,0.568643379,0.242326333,-0.161160355,-0.08071025,8.319870759
2230,2434,,,128400,130600,134100,135000,141700,151100,,,2200,3500,900,6700,9400,,,1.713395639,2.679938744,0.67114094,4.962962963,6.633733239
2231,2889,,,94400,95300,95900,100800,108400,123200,,,900,600,4900,7600,14800,,,0.953389831,0.629590766,5.109489051,7.53968254,13.65313653
2232,2224,,,94900,91700,73600,78100,85500,99300,,,-3200,-18100,4500,7400,13800,,,-3.371970495,-19.73827699,6.114130435,9.47503201,16.14035088
2233,2934,,,128900,128200,131400,127700,133100,151900,,,-700,3200,-3700,5400,18800,,,-0.543056633,2.496099844,-2.815829528,4.228660924,14.12471826
2234,1935,,,76000,78200,81200,86500,91300,96000,,,2200,3000,5300,4800,4700,,,2.894736842,3.836317136,6.527093596,5.549132948,5.147864184
2235,2742,,,79500,77100,73600,80800,85900,98600,,,-2400,-3500,7200,5100,12700,,,-3.018867925,-4.539559014,9.782608696,6.311881188,14.78463329
2236,1497,,,66600,62500,68800,76400,78500,87100,,,-4100,6300,7600,2100,8600,,,-6.156156156,10.08,11.04651163,2.748691099,10.95541401
2237,2733,,,86600,84900,88000,88300,90600,100300,,,-1700,3100,300,2300,9700,,,-1.963048499,3.651354535,0.340909091,2.604756512,10.70640177
2238,2194,,,131500,133000,124800,125200,135700,142400,,,1500,-8200,400,10500,6700,,,1.140684411,-6.165413534,0.320512821,8.38658147,4.937361828
2239,2955,,,88500,87700,82900,81400,106900,112400,,,-800,-4800,-1500,25500,5500,,,-0.903954802,-5.473204105,-1.809408926,31.32678133,5.144995323
2240,2417,,,128700,128200,128300,131300,139500,150200,,,-500,100,3000,8200,10700,,,-0.388500389,0.07800312,2.33826968,6.245239909,7.670250896
2241,2765,,,67700,62400,62200,55200,69800,99000,,,-5300,-200,-7000,14600,29200,,,-7.828655835,-0.320512821,-11.25401929,26.44927536,41.83381089
2242,2900,,,99300,100400,100800,106700,104900,110100,,,1100,400,5900,-1800,5200,,,1.10775428,0.398406375,5.853174603,-1.686972821,4.957102002
2243,2925,,,67400,66900,70200,74100,83200,84700,,,-500,3300,3900,9100,1500,,,-0.741839763,4.932735426,5.555555556,12.28070175,1.802884615
2244,1798,,,78700,78500,79000,83200,87200,99500,,,-200,500,4200,4000,12300,,,-0.254129606,0.636942675,5.316455696,4.807692308,14.10550459
2245,2342,,,68700,74600,77100,81500,82100,90300,,,5900,2500,4400,600,8200,,,8.588064047,3.351206434,5.706874189,0.736196319,9.987819732
2246,1653,,,69600,69000,68600,71700,73500,74200,,,-600,-400,3100,1800,700,,,-0.862068966,-0.579710145,4.518950437,2.510460251,0.952380952
2247,2678,,,76700,77000,76600,78900,83100,89700,,,300,-400,2300,4200,6600,,,0.391134289,-0.519480519,3.002610966,5.323193916,7.942238267
2248,2705,,,68700,70000,70900,72400,75100,81000,,,1300,900,1500,2700,5900,,,1.892285298,1.285714286,2.115655853,3.729281768,7.856191744
2249,2418,,,142400,144800,150800,158700,157100,160200,,,2400,6000,7900,-1600,3100,,,1.685393258,4.143646409,5.23872679,-1.008191556,1.973265436
2250,1571,,,205800,207000,212900,192800,201300,211400,,,1200,5900,-20100,8500,10100,,,0.583090379,2.850241546,-9.441052137,4.408713693,5.017386985
2251,2367,,,57500,56900,56000,54400,53100,53100,,,-600,-900,-1600,-1300,0,,,-1.043478261,-1.58172232,-2.857142857,-2.389705882,0
2252,2250,,,81900,82900,76900,75400,82700,90300,,,1000,-6000,-1500,7300,7600,,,1.221001221,-7.237635706,-1.950585176,9.681697613,9.189842805
2253,2995,,,56300,53400,53000,50300,48100,46600,,,-2900,-400,-2700,-2200,-1500,,,-5.150976909,-0.74906367,-5.094339623,-4.373757455,-3.118503119
2254,1878,,,100300,96400,81800,85000,91600,104500,,,-3900,-14600,3200,6600,12900,,,-3.888334995,-15.14522822,3.91198044,7.764705882,14.08296943
2255,2322,,,65700,66900,64100,66200,69600,80700,,,1200,-2800,2100,3400,11100,,,1.826484018,-4.185351271,3.276131045,5.135951662,15.94827586
2256,2890,,,73300,75700,82100,87900,98200,107400,,,2400,6400,5800,10300,9200,,,3.274215553,8.454425363,7.06455542,11.71786121,9.368635438
2257,1721,,,,,,91000,87000,89400,,,,,,-4000,2400,,,,,,-4.395604396,2.75862069
2258,2476,,,,,,51900,43400,37500,,,,,,-8500,-5900,,,,,,-16.37764933,-13.59447005
2259,3029,,,,,,102700,108100,110500,,,,,,5400,2400,,,,,,5.258033106,2.220166512
