,County,Value_measure_1,Value_measure_2,Difference
0,2166,75900,86100,10200
1,1694,150831,142920,-7911
2,1203,191200,204300,13100
3,2200,84200,73000,-11200
4,108,167600,241000,73400
5,2446,171800,173100,1300
6,1452,88200,97100,8900
7,2024,101000,105800,4800
8,1711,86100,91700,5600
9,808,65200,69400,4200
10,370,196700,180900,-15800
11,2254,125200,128500,3300
12,910,125700,94519,-31181
13,730,205600,212000,6400
14,259,87800,79500,-8300
15,1918,175500,155000,-20500
16,1241,160800,133800,-27000
17,1292,120300,121300,1000
18,16,447400,672900,225500
19,991,117300,133600,16300
20,149,198300,198000,-300
21,1652,201700,212600,10900
22,376,286500,275600,-10900
23,1960,72235,73600,1365
24,2175,109800,80400,-29400
25,721,132900,124800,-8100
26,290,392200,491900,99700
27,1131,37900,33600,-4300
28,1005,93800,97100,3300
29,1343,119100,131900,12800
30,456,92400,80100,-12300
31,604,58300,61500,3200
32,2093,81727,80817,-910
33,23,108700,119400,10700
34,1205,105600,105600,0
35,2315,62400,65400,3000
36,355,83200,82300,-900
37,1732,64200,67200,3000
38,1154,352500,216700,-135800
39,710,220700,235300,14600
40,777,138100,140500,2400
41,1221,305200,333900,28700
42,2139,68100,53400,-14700
43,1846,123300,121800,-1500
44,223,118800,120200,1400
45,455,111000,116000,5000
46,1485,77600,85900,8300
47,2843,120500,129200,8700
48,348,120500,137600,17100
49,83,309300,310900,1600
50,139,180700,195100,14400
51,825,63300,56400,-6900
52,1818,109400,112800,3400
53,468,139300,125500,-13800
54,1824,155400,178400,23000
55,78,202300,277300,75000
56,2375,100600,118400,17800
57,1044,315600,289100,-26500
58,1920,59600,56600,-3000
59,202,502900,603200,100300
60,477,86900,87300,400
61,1355,188900,183400,-5500
62,821,128700,118500,-10200
63,1512,113800,112800,-1000
64,368,86000,82700,-3300
65,1842,187900,164700,-23200
66,498,116300,118200,1900
67,163,223700,172000,-51700
68,1792,78300,80400,2100
69,630,97300,102500,5200
70,461,194300,189000,-5300
71,1749,150100,171200,21100
72,1505,145400,137800,-7600
73,2172,64400,73800,9400
74,1766,135900,128400,-7500
75,977,91705,104062,12357
76,228,178200,176900,-1300
77,1562,132300,119000,-13300
78,73,119500,79600,-39900
79,48,231200,208900,-22300
80,1860,178200,201400,23200
81,2077,136700,130100,-6600
82,1396,129200,147900,18700
83,2864,89500,125600,36100
84,196,330200,350500,20300
85,1593,87340,86185,-1155
86,1561,120100,120200,100
87,1443,122400,128400,6000
88,1483,113500,124200,10700
89,1662,87200,94900,7700
90,1414,112100,122300,10200
91,2043,80300,71000,-9300
92,1362,115900,122800,6900
93,1428,108000,129200,21200
94,2086,84600,85900,1300
95,678,114000,118500,4500
96,1279,167400,153200,-14200
97,1353,81300,78400,-2900
98,1931,136100,122500,-13600
99,253,272800,258600,-14200
100,1660,74100,86300,12200
101,239,104200,112700,8500
102,775,150300,178100,27800
103,892,63900,74100,10200
104,596,100200,118400,18200
105,1567,92500,101200,8700
106,479,183900,175800,-8100
107,2183,70400,93300,22900
108,1480,196600,194500,-2100
109,1214,119500,123200,3700
110,471,63275,72938,9663
111,645,128800,136500,7700
112,2136,129000,146600,17600
113,722,168300,161500,-6800
114,191,128800,139800,11000
115,1778,126700,132200,5500
116,2381,69800,60500,-9300
117,1628,138800,151500,12700
118,2683,74200,72500,-1700
119,420,242200,270900,28700
120,1913,67900,71400,3500
121,235,166700,191200,24500
122,1896,108700,118300,9600
123,39,419900,405000,-14900
124,232,152000,153300,1300
125,1359,152893,148169,-4724
126,119,164200,150600,-13600
127,306,188300,181400,-6900
128,1182,189000,173200,-15800
129,1287,106700,111100,4400
130,1161,125400,138900,13500
131,1288,101000,73000,-28000
132,2702,43200,52000,8800
133,2859,129300,130700,1400
134,2555,70000,69400,-600
135,1563,130900,143000,12100
136,307,106200,120700,14500
137,2113,62800,61900,-900
138,1848,445900,379400,-66500
139,312,99100,112500,13400
140,1963,206800,245400,38600
141,1949,53477,71032,17555
142,1490,130700,123400,-7300
143,319,149800,147500,-2300
144,502,153900,158200,4300
145,2143,177200,166100,-11100
146,2177,98800,115500,16700
147,1894,80900,83400,2500
148,1605,236200,227000,-9200
149,1358,161100,142600,-18500
150,726,94300,94200,-100
151,830,103600,117400,13800
152,1507,150200,136500,-13700
153,1493,170800,178100,7300
154,327,159800,162200,2400
155,1281,143900,154600,10700
156,2786,83600,103600,20000
157,2050,44600,49500,4900
158,1886,89900,102300,12400
159,1335,151100,154800,3700
160,764,177000,168200,-8800
161,2564,65500,100300,34800
162,155,306100,405000,98900
163,2126,166500,175800,9300
164,2515,62400,65400,3000
165,927,110600,103300,-7300
166,1378,90600,91100,500
167,3000,90594,167035,76441
168,1528,149000,172400,23400
169,1533,94000,80400,-13600
170,1748,114200,115200,1000
171,1746,109100,96800,-12300
172,509,94500,121700,27200
173,377,114700,125100,10400
174,1565,81700,78200,-3500
175,1213,149900,173400,23500
176,1258,145000,166200,21200
177,925,68800,82200,13400
178,861,129700,143900,14200
179,1188,133600,142700,9100
180,2372,117900,150100,32200
181,949,91600,86900,-4700
182,80,246500,250700,4200
183,595,286900,288600,1700
184,20,313300,322400,9100
185,2276,76970,69896,-7074
186,211,108900,98300,-10600
187,550,262300,335700,73400
188,1160,149000,179800,30800
189,1928,142200,150900,8700
190,2358,65600,65000,-600
191,642,95200,139900,44700
192,1631,66600,74400,7800
193,177,139200,138100,-1100
194,352,224400,203300,-21100
195,1728,198400,193600,-4800
196,665,79000,82600,3600
197,906,91129,100588,9459
198,1384,86700,87900,1200
199,71,296500,285800,-10700
200,2071,77600,87500,9900
201,627,130900,164300,33400
202,1427,114900,135900,21000
203,1439,138100,123400,-14700
204,182,199300,214300,15000
205,1673,82600,73000,-9600
206,2058,60600,63100,2500
207,403,94700,95800,1100
208,1403,167600,260200,92600
209,2844,86600,102600,16000
210,105,232200,197900,-34300
211,1588,166600,167100,500
212,990,147600,130500,-17100
213,1457,106100,102800,-3300
214,1587,91400,104400,13000
215,2605,71800,83800,12000
216,129,135800,135600,-200
217,225,163231,187043,23812
218,192,215300,223400,8100
219,1817,112900,100100,-12800
220,231,152300,146800,-5500
221,1369,83700,83400,-300
222,1340,188200,193700,5500
223,1237,98352,97843,-509
224,2029,39890,39306,-584
225,634,247600,236600,-11000
226,1259,99600,127500,27900
227,2316,60700,57100,-3600
228,2708,79200,74000,-5200
229,2366,83500,77100,-6400
230,425,98300,91700,-6600
231,1632,100000,113900,13900
232,786,137045,135055,-1990
233,2774,38600,38900,300
234,1313,73300,68200,-5100
235,1847,92200,107900,15700
236,2309,78900,91500,12600
237,1575,119600,125200,5600
238,1639,102500,116500,14000
239,603,146400,148400,2000
240,411,306600,295100,-11500
241,288,94200,70500,-23700
242,1526,149700,129000,-20700
243,1576,144100,174600,30500
244,91,183200,151500,-31700
245,3088,149600,135700,-13900
246,1201,72900,76800,3900
247,2328,89900,97400,7500
248,404,119500,119500,0
249,1607,76700,80200,3500
250,559,136200,132500,-3700
251,1558,236600,240300,3700
252,336,129500,149300,19800
253,1021,100200,103200,3000
254,1263,142200,141300,-900
255,1419,118200,132600,14400
256,383,328800,300500,-28300
257,496,148300,129400,-18900
258,2232,115433,137723,22290
259,2902,96500,120900,24400
260,741,136000,138100,2100
261,768,188100,159100,-29000
262,809,163600,162900,-700
263,819,121500,120400,-1100
264,1346,104300,107600,3300
265,2068,93100,117700,24600
266,1927,74200,73700,-500
267,1864,89600,85400,-4200
268,243,293400,284200,-9200
269,1541,201800,205100,3300
270,800,78100,87300,9200
271,1745,61700,63800,2100
272,555,203000,210400,7400
273,2914,74100,77500,3400
274,2042,66794,65025,-1769
275,612,71600,72800,1200
276,543,93700,91100,-2600
277,488,249100,215700,-33400
278,402,258200,276000,17800
279,1402,147700,172100,24400
280,2280,64300,73700,9400
281,1983,60500,55900,-4600
282,1518,100600,99000,-1600
283,807,112200,130400,18200
284,1365,156300,158000,1700
285,1293,156400,185600,29200
286,844,120157,150221,30064
287,1726,80100,88700,8600
288,2217,111400,130300,18900
289,2887,95400,95600,200
290,864,87000,83100,-3900
291,2707,78200,63300,-14900
292,271,116700,107300,-9400
293,1466,120900,119500,-1400
294,433,71300,71900,600
295,434,100100,107800,7700
296,371,220500,201000,-19500
297,2076,116100,135600,19500
298,1941,90600,92500,1900
299,272,180553,202602,22049
300,648,87900,96700,8800
301,951,244100,278300,34200
302,754,58867,55702,-3165
303,1669,162900,178600,15700
304,1253,129100,125200,-3900
305,692,98388,102688,4300
306,285,276800,252500,-24300
307,135,224600,238400,13800
308,1783,152423,153880,1457
309,1283,124400,141200,16800
310,1581,231100,243800,12700
311,1234,145000,141900,-3100
312,1469,223400,236300,12900
313,2199,69000,64600,-4400
314,298,75600,75600,0
315,1458,77293,77162,-131
316,701,138400,147400,9000
317,1776,112000,90700,-21300
318,466,228600,225900,-2700
319,408,81400,89800,8400
320,589,82300,86800,4500
321,834,96000,95600,-400
322,1248,175400,190500,15100
323,2528,73800,79000,5200
324,2065,67600,56000,-11600
325,820,140000,132100,-7900
326,617,80400,77700,-2700
327,554,70200,72800,2600
328,1525,71800,79000,7200
329,190,248300,238400,-9900
330,1413,174100,167800,-6300
331,94,307500,308900,1400
332,964,84000,85600,1600
333,144,206100,190900,-15200
334,2666,71800,67000,-4800
335,2901,83400,83000,-400
336,652,99700,105700,6000
337,704,77600,75500,-2100
338,2527,70000,71000,1000
339,512,151200,143800,-7400
340,564,160100,179900,19800
341,268,248800,277200,28400
342,2023,71800,70800,-1000
343,460,99000,96200,-2800
344,1410,129400,140600,11200
345,847,190100,153000,-37100
346,2469,117000,116600,-400
347,1303,117600,102500,-15100
348,125,290500,320900,30400
349,2698,50200,49800,-400
350,2878,67900,72200,4300
351,1712,88700,91400,2700
352,1434,230100,211600,-18500
353,744,96600,85600,-11000
354,695,75000,76500,1500
355,2509,62600,60200,-2400
356,1347,108668,113735,5067
357,1661,135500,129500,-6000
358,10,161400,191500,30100
359,292,93500,89100,-4400
360,113,217900,252400,34500
361,1336,134900,129000,-5900
362,2668,79600,80400,800
363,1014,316100,292700,-23400
364,723,245000,238500,-6500
365,1260,166900,152500,-14400
366,969,95800,104400,8600
367,2463,79900,71200,-8700
368,1768,72500,83700,11200
369,536,136400,167100,30700
370,1246,151300,150100,-1200
371,1067,177300,130600,-46700
372,2347,80100,90900,10800
373,1236,67900,67200,-700
374,2078,88225,99749,11524
375,1087,217400,259200,41800
376,430,59600,59900,300
377,2383,107900,110700,2800
378,2516,88200,75400,-12800
379,835,119600,121300,1700
380,214,134200,140500,6300
381,382,90000,83100,-6900
382,172,130200,139000,8800
383,602,96800,105400,8600
384,1635,104200,109300,5100
385,1985,89400,78900,-10500
386,1423,125500,145400,19900
387,429,107800,115600,7800
388,672,95500,109400,13900
389,699,104000,119800,15800
390,1179,178800,188400,9600
391,305,152200,118200,-34000
392,1659,67300,70500,3200
393,300,278400,278100,-300
394,594,121700,103600,-18100
395,2013,74900,74700,-200
396,1514,94000,100400,6400
397,561,92100,87400,-4700
398,1418,142800,135400,-7400
399,1508,74800,77200,2400
400,1997,136400,137000,600
401,703,92400,91500,-900
402,1212,238600,288400,49800
403,54,201100,255200,54100
404,959,166300,145400,-20900
405,2494,86700,103400,16700
406,2170,79300,79100,-200
407,1451,107800,98900,-8900
408,1326,171500,171800,300
409,507,208700,202400,-6300
410,599,203800,213200,9400
411,482,110100,116900,6800
412,544,156200,153700,-2500
413,347,75300,76200,900
414,540,92100,88900,-3200
415,898,179100,184900,5800
416,1351,210900,245400,34500
417,318,89500,74500,-15000
418,2300,53300,60300,7000
419,2495,55300,58400,3100
420,27,348800,495100,146300
421,2108,186400,209500,23100
422,1156,209800,189600,-20200
423,1629,100100,113000,12900
424,1697,101400,104000,2600
425,508,159700,157200,-2500
426,2187,64400,62300,-2100
427,600,98200,104700,6500
428,1422,103200,97000,-6200
429,727,74500,81600,7100
430,2618,55200,53700,-1500
431,715,94200,83900,-10300
432,2246,70100,77500,7400
433,1325,154300,161100,6800
434,1651,64200,56200,-8000
435,362,172700,167900,-4800
436,1930,73525,69892,-3633
437,1135,103800,70900,-32900
438,385,98800,113300,14500
439,359,150200,127400,-22800
440,515,97100,96200,-900
441,1065,71400,68100,-3300
442,1623,67100,68900,1800
443,1940,65100,63500,-1600
444,1807,108100,114100,6000
445,651,61158,64861,3703
446,409,77100,78300,1200
447,473,82800,85500,2700
448,2056,82516,75075,-7441
449,588,86200,80800,-5400
450,2295,66000,64100,-1900
451,904,156600,164300,7700
452,2918,61900,61900,0
453,1474,134500,144000,9500
454,1405,109942,112174,2232
455,622,192700,218700,26000
456,2425,62300,60800,-1500
457,161,217200,239100,21900
458,142,109000,96300,-12700
459,267,151200,119800,-31400
460,184,181100,175400,-5700
461,1495,116400,114300,-2100
462,1085,83500,99400,15900
463,867,228200,242200,14000
464,886,269000,252500,-16500
465,2045,86579,91012,4433
466,22,110400,100100,-10300
467,1911,108800,109200,400
468,121,211100,230100,19000
469,902,99912,115466,15554
470,1097,48600,46400,-2200
471,491,167900,194500,26600
472,1906,69700,88700,19000
473,6,119700,130100,10400
474,98,206100,216000,9900
475,660,62259,49398,-12861
476,756,278900,281300,2400
477,478,69100,65000,-4100
478,167,151700,139100,-12600
479,251,117800,113300,-4500
480,69,149400,175200,25800
481,684,147900,147200,-700
482,1717,70600,72400,1800
483,1368,96500,101700,5200
484,1216,240300,239100,-1200
485,1830,186400,194000,7600
486,859,75218,92261,17043
487,2853,48900,59700,10800
488,1436,90000,82300,-7700
489,1591,97143,96520,-623
490,1674,84600,88300,3700
491,2241,68300,85800,17500
492,1357,167100,140800,-26300
493,3093,102900,98100,-4800
494,256,151700,151900,200
495,593,145000,141500,-3500
496,2040,96400,85300,-11100
497,1789,104800,92800,-12000
498,1955,61100,61300,200
499,2135,104000,103700,-300
500,702,69100,90900,21800
501,1178,137600,138500,900
502,1879,91900,96400,4500
503,805,224400,190200,-34200
504,953,113000,126900,13900
505,1333,84700,74800,-9900
506,609,122100,119100,-3000
507,237,230200,255400,25200
508,679,133800,129300,-4500
509,79,210600,184200,-26400
510,787,168323,173460,5137
511,1642,51800,76900,25100
512,2689,62400,59000,-3400
513,65,184800,218300,33500
514,76,216200,309500,93300
515,690,72700,79500,6800
516,266,209600,282200,72600
517,2506,82900,76500,-6400
518,970,158400,180000,21600
519,1868,97300,89700,-7600
520,597,108800,122700,13900
521,1757,154462,129555,-24907
522,75,355600,469000,113400
523,1914,67400,71800,4400
524,923,150600,155000,4400
525,1646,95600,103900,8300
526,410,135000,130200,-4800
527,1251,160000,143700,-16300
528,816,156500,160000,3500
529,774,148200,128500,-19700
530,296,161400,164700,3300
531,1374,92200,76800,-15400
532,158,306200,395400,89200
533,1316,114100,121600,7500
534,1344,181700,171800,-9900
535,738,162700,177900,15200
536,89,128700,137100,8400
537,616,283600,299100,15500
538,349,153800,148400,-5400
539,706,230700,248800,18100
540,647,113300,114200,900
541,1169,258200,252700,-5500
542,1597,113600,122900,9300
543,393,131100,140700,9600
544,971,584600,655000,70400
545,2182,58273,58129,-144
546,1578,127700,130100,2400
547,539,78300,69000,-9300
548,1232,161600,165800,4200
549,153,274800,231000,-43800
550,1172,132300,123500,-8800
551,2861,61800,65700,3900
552,2173,69900,71900,2000
553,577,597800,569700,-28100
554,2585,87000,57700,-29300
555,1196,148100,142900,-5200
556,2697,132300,151900,19600
557,1354,118400,121500,3100
558,379,122900,128800,5900
559,1311,105600,137300,31700
560,1509,136700,131900,-4800
561,547,58400,50100,-8300
562,824,103900,111600,7700
563,2118,82800,87300,4500
564,1521,159600,151900,-7700
565,1680,122200,120300,-1900
566,229,325600,381100,55500
567,72,194400,215100,20700
568,1175,115100,111900,-3200
569,875,289900,378000,88100
570,1863,81500,73400,-8100
571,781,69608,73366,3758
572,1256,113200,117700,4500
573,606,228100,230500,2400
574,280,134200,147700,13500
575,436,168400,153000,-15400
576,1767,147600,145900,-1700
577,2222,68822,61865,-6957
578,1705,126700,128300,1600
579,2714,133400,56800,-76600
580,1634,104800,122800,18000
581,37,120300,133700,13400
582,447,114900,110400,-4500
583,162,103400,111200,7800
584,709,81065,72800,-8265
585,1217,117900,98900,-19000
586,56,302300,351800,49500
587,53,343000,311900,-31100
588,698,134700,138700,4000
589,1055,186200,166900,-19300
590,358,96300,85300,-11000
591,1367,235900,239700,3800
592,884,407000,468600,61600
593,26,413500,491600,78100
594,38,329300,317000,-12300
595,286,137100,145300,8200
596,862,59100,45200,-13900
597,1040,560800,680000,119200
598,2262,69900,69700,-200
599,1816,162100,154400,-7700
600,1683,76900,84300,7400
601,1004,76000,87100,11100
602,343,125000,132400,7400
603,497,287200,327800,40600
604,2568,70330,59574,-10756
605,1356,219200,222000,2800
606,2205,61300,54600,-6700
607,154,142800,145800,3000
608,798,97100,88300,-8800
609,295,73000,81800,8800
610,707,158900,165700,6800
611,2204,164000,151700,-12300
612,1890,75100,67300,-7800
613,1854,102300,112200,9900
614,2019,101500,121000,19500
615,1372,151700,164600,12900
616,1380,219700,216300,-3400
617,294,105300,106000,700
618,1371,107100,95600,-11500
619,1425,131900,127300,-4600
620,994,136000,106400,-29600
621,838,202300,187800,-14500
622,365,127100,123200,-3900
623,1939,76300,75100,-1200
624,2025,89562,95100,5538
625,1424,103700,108100,4400
626,1272,247300,270900,23600
627,134,128100,120900,-7200
628,1186,178500,209200,30700
629,2265,70300,55900,-14400
630,2259,78217,77716,-501
631,1957,211600,209200,-2400
632,1834,113300,104400,-8900
633,2320,166700,174600,7900
634,874,127900,134000,6100
635,1782,94200,83200,-11000
636,1535,120700,112900,-7800
637,2696,51400,53800,2400
638,469,187400,189400,2000
639,369,137300,139200,1900
640,524,134000,132800,-1200
641,579,80500,84300,3800
642,24,128300,135000,6700
643,279,166100,146500,-19600
644,1604,98200,104100,5900
645,1962,109700,128500,18800
646,549,170200,157500,-12700
647,611,175000,189200,14200
648,441,128200,168600,40400
649,186,268300,272500,4200
650,439,206400,223000,16600
651,860,279200,310800,31600
652,1867,86000,98400,12400
653,1947,145400,159800,14400
654,1612,173500,196600,23100
655,34,174200,193400,19200
656,2667,62300,73200,10900
657,1168,187700,192500,4800
658,1643,65110,58974,-6136
659,1993,88200,82300,-5900
660,552,100600,99900,-700
661,663,110000,112700,2700
662,1554,87800,75100,-12700
663,888,84400,88900,4500
664,2082,84400,112000,27600
665,1382,260200,269100,8900
666,788,82900,86000,3100
667,1222,146800,163700,16900
668,548,351300,313900,-37400
669,526,81700,90700,9000
670,387,132000,125800,-6200
671,1904,101300,97400,-3900
672,791,169000,155600,-13400
673,818,49600,48900,-700
674,203,109100,108600,-500
675,1679,131500,126600,-4900
676,394,189200,191000,1800
677,1908,171500,169200,-2300
678,1198,70500,75500,5000
679,529,95300,101800,6500
680,826,76325,72579,-3746
681,2061,133200,126200,-7000
682,528,200000,179700,-20300
683,1687,69400,87000,17600
684,1531,69100,66700,-2400
685,565,165100,162000,-3100
686,2087,106700,93300,-13400
687,1734,80500,85600,5100
688,1899,96133,94667,-1466
689,1803,204000,232300,28300
690,1751,164800,154200,-10600
691,1133,230900,247800,16900
692,2318,88100,72600,-15500
693,1790,74000,74900,900
694,814,151600,164200,12600
695,156,206600,180800,-25800
696,728,219500,210900,-8600
697,1407,187000,155700,-31300
698,2687,124200,139700,15500
699,2841,79700,92900,13200
700,896,257000,261600,4600
701,626,158700,161400,2700
702,1925,119800,127300,7500
703,1502,107900,108600,700
704,2049,114429,95812,-18617
705,572,90700,87200,-3500
706,1385,183800,170700,-13100
707,720,134600,131400,-3200
708,880,88500,92300,3800
709,1455,132000,169100,37100
710,1388,133600,168400,34800
711,1002,256100,248000,-8100
712,1440,76700,72900,-3800
713,1808,120700,120700,0
714,2490,88300,83000,-5300
715,2551,86100,85700,-400
716,1733,154700,116800,-37900
717,1137,55500,74900,19400
718,406,138500,140900,2400
719,584,106000,106000,0
720,530,138500,128300,-10200
721,1589,48700,70400,21700
722,2921,94100,99700,5600
723,2062,62600,71500,8900
724,465,139900,127200,-12700
725,988,101400,95400,-6000
726,933,121400,111000,-10400
727,1644,127300,131300,4000
728,671,76900,83600,6700
729,1919,288800,274800,-14000
730,1986,67300,75900,8600
731,1227,114300,114300,0
732,2671,104600,91100,-13500
733,601,169100,156700,-12400
734,254,137593,138050,457
735,1447,81200,84700,3500
736,1883,224600,198900,-25700
737,104,139400,145000,5600
738,474,97400,94000,-3400
739,1123,40500,41200,700
740,1328,116600,121700,5100
741,2063,99000,90400,-8600
742,1527,162200,164100,1900
743,2305,56680,60435,3755
744,1320,166200,182700,16500
745,693,76100,85200,9100
746,1193,123600,120400,-3200
747,1922,128500,126200,-2300
748,993,313300,292800,-20500
749,1174,158000,170900,12900
750,1584,131500,116100,-15400
751,2021,61800,66300,4500
752,560,74500,66900,-7600
753,735,74900,69100,-5800
754,1269,142500,143400,900
755,538,108200,129700,21500
756,510,99400,100600,1200
757,1228,198200,216800,18600
758,1136,182800,168100,-14700
759,49,119700,116500,-3200
760,1209,131300,130700,-600
761,103,174500,170900,-3600
762,265,229900,235000,5100
763,293,172800,140400,-32400
764,1441,143000,143100,100
765,562,176600,192700,16100
766,1577,138600,120400,-18200
767,457,111400,114400,3000
768,1988,75600,77500,1900
769,372,244300,233500,-10800
770,1740,104600,90600,-14000
771,2041,80800,64900,-15900
772,2192,60900,62600,1700
773,356,121800,122700,900
774,780,80700,88300,7600
775,1780,75700,77800,2100
776,1504,115900,127000,11100
777,178,261900,240000,-21900
778,1149,31700,36800,5100
779,338,138800,139000,200
780,2919,57200,51600,-5600
781,1714,204100,193100,-11000
782,1157,129800,148200,18400
783,1619,123400,123000,-400
784,1264,129330,105098,-24232
785,1459,82400,90000,7600
786,476,70300,81400,11100
787,605,178400,167000,-11400
788,1797,125200,119700,-5500
789,41,230600,206700,-23900
790,1678,95300,107000,11700
791,224,271100,287200,16100
792,1492,90300,92500,2200
793,1285,175200,205800,30600
794,535,114500,105400,-9100
795,2252,72500,62800,-9700
796,1555,98261,109021,10760
797,354,185100,182500,-2600
798,1759,73200,76700,3500
799,1409,120700,116000,-4700
800,1298,147100,153500,6400
801,1622,103000,96400,-6600
802,25,206300,226300,20000
803,148,199000,189000,-10000
804,1252,140700,139500,-1200
805,1981,98783,94966,-3817
806,1534,79300,75700,-3600
807,812,98300,102300,4000
808,1710,75200,74800,-400
809,563,77800,66700,-11100
810,500,84500,87600,3100
811,1274,114200,110900,-3300
812,2627,76600,56100,-20500
813,850,63300,68800,5500
814,1176,79600,80700,1100
815,653,84200,85300,1100
816,1366,104700,86700,-18000
817,1670,67600,72900,5300
818,1163,142000,152800,10800
819,1202,224700,230800,6100
820,1552,96900,99000,2100
821,1242,86758,76313,-10445
822,796,97300,96700,-600
823,2218,71400,87300,15900
824,618,148400,148200,-200
825,31,474200,573200,99000
826,887,283700,322300,38600
827,1524,170400,189800,19400
828,883,112100,93400,-18700
829,619,77200,79200,2000
830,166,159000,150200,-8800
831,769,72803,77720,4917
832,367,143700,122500,-21200
833,1304,117000,111100,-5900
834,2251,176600,144700,-31900
835,2395,61358,67651,6293
836,2212,71400,83500,12100
837,1398,93100,75000,-18100
838,157,390900,408600,17700
839,1610,93900,97300,3400
840,1861,145600,163400,17800
841,67,330300,304300,-26000
842,1015,40537,40635,98
843,299,230900,216400,-14500
844,972,158620,190616,31996
845,2679,68300,64900,-3400
846,1881,81400,88100,6700
847,418,87000,82500,-4500
848,311,374200,353400,-20800
849,631,108900,110400,1500
850,1641,86800,82000,-4800
851,1695,73755,75700,1945
852,531,97600,88900,-8700
853,1430,88200,99100,10900
854,2478,76700,85800,9100
855,1917,126500,147400,20900
856,236,128800,146100,17300
857,732,82000,87000,5000
858,1309,141500,156000,14500
859,407,92062,98334,6272
860,1223,103700,99100,-4600
861,938,278400,279500,1100
862,1467,94900,104700,9800
863,1786,61800,61200,-600
864,973,127200,137300,10100
865,865,131200,132000,800
866,261,154400,154000,-400
867,1556,194300,195800,1500
868,1731,82200,80200,-2000
869,1438,100900,112600,11700
870,713,149700,152600,2900
871,437,310800,282100,-28700
872,1667,231700,228900,-2800
873,638,111200,123700,12500
874,2214,88100,73200,-14900
875,567,89752,87767,-1985
876,1530,83300,71500,-11800
877,1478,139200,144600,5400
878,1590,94700,107500,12800
879,2314,73500,77200,3700
880,2699,52900,61400,8500
881,1282,97800,99000,1200
882,1181,116400,102600,-13800
883,1305,135500,96400,-39100
884,691,171400,166400,-5000
885,761,68500,73400,4900
886,829,51600,49600,-2000
887,205,213300,227600,14300
888,2336,60400,63700,3300
889,2298,88000,110700,22700
890,485,298900,284900,-14000
891,1942,118600,102600,-16000
892,729,104400,107700,3300
893,759,118000,133900,15900
894,1334,99400,100400,1000
895,2266,91900,84200,-7700
896,849,125700,114200,-11500
897,1658,70500,86700,16200
898,2236,61200,80500,19300
899,1718,63700,65400,1700
900,2673,77900,79700,1800
901,66,111400,98300,-13100
902,445,58618,54549,-4069
903,86,233300,317800,84500
904,2102,110478,95195,-15283
905,1777,156900,171700,14800
906,1624,50800,63900,13100
907,1708,80300,88700,8400
908,1874,118500,114300,-4200
909,57,124100,130900,6800
910,1197,140400,127600,-12800
911,194,155500,142900,-12600
912,2894,73428,78113,4685
913,2000,120300,150300,30000
914,334,110200,124500,14300
915,2615,36100,40300,4200
916,895,163000,165600,2600
917,636,71700,83800,12100
918,582,106700,110900,4200
919,1238,83400,78400,-5000
920,793,287900,282200,-5700
921,423,162900,161800,-1100
922,566,189600,196600,7000
923,1744,92300,91100,-1200
924,1828,132400,136000,3600
925,1825,96600,113800,17200
926,607,129800,130400,600
927,2014,68800,78800,10000
928,1826,124400,112800,-11600
929,1791,66800,76000,9200
930,308,164500,188900,24400
931,1306,122400,133500,11100
932,1187,203600,217700,14100
933,1516,143000,157700,14700
934,2690,73800,77900,4100
935,1885,75900,76600,700
936,276,125300,130800,5500
937,2388,211000,223600,12600
938,241,142200,145000,2800
939,1743,127300,114000,-13300
940,1450,86100,71600,-14500
941,2497,45700,56200,10500
942,428,205900,199700,-6200
943,2870,151300,135400,-15900
944,1720,308800,352700,43900
945,827,93300,90200,-3100
946,852,130200,133200,3000
947,1239,117900,124100,6200
948,1901,68500,74500,6000
949,974,138900,130500,-8400
950,221,89300,91100,1800
951,669,133100,136500,3400
952,1190,207100,189700,-17400
953,2142,202400,194800,-7600
954,1339,124600,108400,-16200
955,2848,55600,69200,13600
956,483,406500,471600,65100
957,360,132000,142000,10000
958,624,54100,54300,200
959,1501,216600,232300,15700
960,1337,209900,199700,-10200
961,1689,247300,289300,42000
962,323,116500,129100,12600
963,246,154800,135500,-19300
964,252,170400,179700,9300
965,922,199400,185800,-13600
966,1184,119200,139000,19800
967,247,194300,180100,-14200
968,260,127600,125400,-2200
969,44,146200,176600,30400
970,1532,155100,177100,22000
971,518,102200,103900,1700
972,2313,227000,249300,22300
973,917,120100,118200,-1900
974,2630,61700,63200,1500
975,866,238900,244700,5800
976,978,192100,167800,-24300
977,11,355600,427500,71900
978,998,90100,101800,11700
979,274,163000,165900,2900
980,5,471500,625500,154000
981,176,260200,258300,-1900
982,687,223600,227400,3800
983,489,144200,129600,-14600
984,2026,80200,94800,14600
985,1862,151900,149900,-2000
986,1513,62400,63900,1500
987,705,56300,64800,8500
988,696,203500,192100,-11400
989,522,88700,112000,23300
990,111,142100,146000,3900
991,2524,259000,305000,46000
992,2525,80500,78000,-2500
993,1307,220300,211000,-9300
994,1411,126400,129500,3100
995,339,131700,144700,13000
996,918,140200,131944,-8256
997,583,335700,343900,8200
998,1342,123300,115800,-7500
999,1338,108900,93900,-15000
1000,2701,80900,74200,-6700
1001,197,120700,108500,-12200
1002,1663,108400,110800,2400
1003,1247,152100,162600,10500
1004,1548,170100,182900,12800
1005,1370,135900,115300,-20600
1006,1640,136100,139000,2900
1007,499,174200,175100,900
1008,2466,172100,172300,200
1009,1218,146900,159000,12100
1010,1177,224700,207900,-16800
1011,95,127200,121300,-5900
1012,1061,122900,134700,11800
1013,1741,225800,226900,1100
1014,187,134300,124200,-10100
1015,1884,104400,90300,-14100
1016,1498,148300,159100,10800
1017,858,209000,206700,-2300
1018,1870,103000,129000,26000
1019,159,133400,149300,15900
1020,88,183000,177800,-5200
1021,449,131500,128100,-3400
1022,1050,250400,210500,-39900
1023,133,210300,215800,5500
1024,1994,82900,80800,-2100
1025,1387,115400,132000,16600
1026,1379,189500,205300,15800
1027,151,220000,281500,61500
1028,989,123600,124100,500
1029,745,165900,130600,-35300
1030,1638,179500,201400,21900
1031,1054,47600,56600,9000
1032,397,101600,108300,6700
1033,2482,60300,58000,-2300
1034,1980,92000,92400,400
1035,1539,85100,87400,2300
1036,486,82000,84100,2100
1037,2249,72400,86300,13900
1038,1557,74400,70200,-4200
1039,1627,79600,79900,300
1040,2703,85900,89000,3100
1041,511,82500,79900,-2600
1042,401,82500,86900,4400
1043,1814,169892,190062,20170
1044,1598,70900,76700,5800
1045,817,138500,153900,15400
1046,590,59700,62400,2700
1047,2165,112600,107500,-5100
1048,1417,147100,147400,300
1049,303,164600,150100,-14500
1050,289,171000,160800,-10200
1051,2590,42700,42700,0
1052,1183,141900,183800,41900
1053,1750,141400,136400,-5000
1054,739,72900,75700,2800
1055,1395,128800,119300,-9500
1056,541,111100,102300,-8800
1057,2505,102300,112600,10300
1058,136,186800,165100,-21700
1059,1974,149700,171000,21300
1060,1364,93700,95000,1300
1061,533,98100,81700,-16400
1062,1226,162400,149100,-13300
1063,2088,89600,100400,10800
1064,1606,110319,103317,-7002
1065,1471,178500,203700,25200
1066,2713,93700,97900,4200
1067,823,88000,101100,13100
1068,3094,58300,64400,6100
1069,453,167800,162600,-5200
1070,169,126400,119300,-7100
1071,1470,120854,103435,-17419
1072,245,128700,224400,95700
1073,1397,132200,133300,1100
1074,1822,68600,81300,12700
1075,2621,54400,101500,47100
1076,1805,73022,83731,10709
1077,2169,125700,148400,22700
1078,750,190483,189401,-1082
1079,571,138600,137200,-1400
1080,2694,97100,102100,5000
1081,1869,137700,142900,5200
1082,440,142103,154460,12357
1083,734,104600,130200,25600
1084,1859,175500,169300,-6200
1085,753,67700,63200,-4500
1086,628,229200,206900,-22300
1087,1691,87400,86400,-1000
1088,803,100000,101400,1400
1089,1889,185000,197500,12500
1090,1249,127900,132800,4900
1091,2133,74900,59200,-15700
1092,332,164400,164800,400
1093,222,269900,241200,-28700
1094,2337,82300,106700,24400
1095,1984,91000,82300,-8700
1096,1324,143800,142300,-1500
1097,1266,147900,202700,54800
1098,2098,79700,86100,6400
1099,495,110600,118400,7800
1100,1871,171800,197400,25600
1101,878,99300,106200,6900
1102,1727,72200,72500,300
1103,632,95700,100900,5200
1104,675,131900,133200,1300
1105,1936,131800,147700,15900
1106,480,108900,122400,13500
1107,150,121100,116800,-4300
1108,2261,273500,253200,-20300
1109,1,387400,488000,100600
1110,608,156900,160400,3500
1111,146,377700,442400,64700
1112,762,191900,184700,-7200
1113,1350,133200,120400,-12800
1114,1481,101600,121200,19600
1115,1224,97300,109500,12200
1116,2755,72500,84000,11500
1117,107,89800,81500,-8300
1118,1730,163600,166700,3100
1119,141,99300,91500,-7800
1120,335,110600,135300,24700
1121,452,123100,122000,-1100
1122,1685,89300,83800,-5500
1123,2485,119272,109500,-9772
1124,578,155100,162500,7400
1125,1173,107800,130400,22600
1126,2292,70000,47400,-22600
1127,1345,104100,72600,-31500
1128,2096,86700,99100,12400
1129,755,170000,155700,-14300
1130,890,65300,75600,10300
1131,1542,60700,61200,500
1132,277,146700,190700,44000
1133,138,156700,148100,-8600
1134,986,105800,97500,-8300
1135,2074,57540,55507,-2033
1136,1754,114100,108500,-5600
1137,987,127200,154100,26900
1138,1637,164600,183300,18700
1139,1230,113400,102300,-11100
1140,1317,79500,66200,-13300
1141,426,130100,129700,-400
1142,2704,45000,44700,-300
1143,1952,69300,70100,800
1144,1373,190800,203400,12600
1145,1975,173500,179700,6200
1146,913,163100,167500,4400
1147,746,108200,134700,26500
1148,463,108100,116400,8300
1149,658,123700,130100,6400
1150,381,96200,91100,-5100
1151,2307,77500,91800,14300
1152,1028,182200,179200,-3000
1153,885,96000,99400,3400
1154,181,74700,69600,-5100
1155,785,126300,123000,-3300
1156,1006,175900,255600,79700
1157,1211,169800,200800,31000
1158,1806,98600,95300,-3300
1159,431,105300,119000,13700
1160,302,120700,118300,-2400
1161,2,169200,207900,38700
1162,174,715800,943200,227400
1163,676,90200,90900,700
1164,1909,79169,86733,7564
1165,1210,122000,110400,-11600
1166,760,118800,127100,8300
1167,1171,103000,100700,-2300
1168,929,83000,89900,6900
1169,1739,80500,88500,8000
1170,2195,91500,92900,1400
1171,487,76500,74000,-2500
1172,145,179000,178900,-100
1173,1752,80900,85100,4200
1174,2350,84600,98700,14100
1175,1494,72700,84200,11500
1176,945,151900,175600,23700
1177,1453,100100,119200,19100
1178,1608,88900,90000,1100
1179,1551,105400,113100,7700
1180,1719,78300,78700,400
1181,2174,87200,75600,-11600
1182,983,60586,62255,1669
1183,1725,90500,98200,7700
1184,1297,176800,200200,23400
1185,2352,71100,64600,-6500
1186,911,82800,86500,3700
1187,1742,81300,90400,9100
1188,523,201700,190900,-10800
1189,269,450700,498000,47300
1190,1404,124600,131900,7300
1191,2167,89800,107400,17600
1192,683,91800,88800,-3000
1193,748,123600,131500,7900
1194,1460,122100,108500,-13600
1195,763,46800,50000,3200
1196,2215,88100,84900,-3200
1197,640,107200,106000,-1200
1198,1838,85600,83700,-1900
1199,1215,199600,174700,-24900
1200,2710,66500,96500,30000
1201,920,67300,65800,-1500
1202,656,52500,60600,8100
1203,2164,161100,133800,-27300
1204,1277,145900,146100,200
1205,2681,87500,153500,66000
1206,1243,94700,103800,9100
1207,731,151800,140800,-11000
1208,1520,86800,92100,5300
1209,1779,63300,63100,-200
1210,2033,122800,121700,-1100
1211,806,102400,109800,7400
1212,36,161500,172500,11000
1213,773,105552,101719,-3833
1214,1586,80600,84300,3700
1215,238,159200,165900,6700
1216,1559,123500,148100,24600
1217,872,134200,127500,-6700
1218,1956,108100,111700,3600
1219,2641,116680,129536,12856
1220,414,264200,285200,21000
1221,171,111200,181600,70400
1222,1850,109900,109500,-400
1223,130,244700,215600,-29100
1224,688,103400,129500,26100
1225,333,85900,96600,10700
1226,1836,81800,72300,-9500
1227,1296,208400,200200,-8200
1228,284,210900,181700,-29200
1229,2018,72000,68300,-3700
1230,1703,157400,161900,4500
1231,361,111800,113200,1400
1232,1158,172600,220700,48100
1233,248,290400,272900,-17500
1234,17,361600,430600,69000
1235,46,307300,277900,-29400
1236,1058,255200,222100,-33100
1237,1393,111900,116700,4800
1238,1312,146300,202800,56500
1239,623,106500,85000,-21500
1240,2203,66200,75300,9100
1241,833,120200,141600,21400
1242,655,84700,86500,1800
1243,1804,108900,112300,3400
1244,996,138800,144400,5600
1245,2942,74262,81147,6885
1246,33,148000,129200,-18800
1247,2445,117600,136400,18800
1248,2242,90300,105000,14700
1249,1278,141900,159400,17500
1250,1933,63319,71629,8310
1251,1349,243700,247900,4200
1252,2368,51200,56500,5300
1253,118,114200,92100,-22100
1254,1022,174600,146300,-28300
1255,213,145800,156500,10700
1256,2845,91400,98100,6700
1257,68,370300,363600,-6700
1258,1008,416692,413009,-3683
1259,386,149600,172200,22600
1260,2717,80300,78100,-2200
1261,1431,383000,454400,71400
1262,1773,153200,157300,4100
1263,1698,172800,179800,7000
1264,1310,131900,146300,14400
1265,1290,106800,120300,13500
1266,2477,87800,75700,-12100
1267,55,123400,126200,2800
1268,240,165000,123200,-41800
1269,1573,89900,93800,3900
1270,2072,81800,89200,7400
1271,1472,68000,64600,-3400
1272,116,332400,433800,101400
1273,840,190000,183400,-6600
1274,188,99900,76700,-23200
1275,1064,60000,68000,8000
1276,1729,56300,49300,-7000
1277,1630,97000,98000,1000
1278,1772,118800,104800,-14000
1279,30,377600,413900,36300
1280,815,89000,78200,-10800
1281,592,97800,90000,-7800
1282,85,92000,82500,-9500
1283,50,270800,269800,-1000
1284,1275,132200,137000,4800
1285,1195,174300,206100,31800
1286,1375,181600,182300,700
1287,944,136661,158949,22288
1288,682,198300,184900,-13400
1289,413,184800,177300,-7500
1290,2039,70900,74200,3300
1291,1892,168200,159300,-8900
1292,1664,70100,78000,7900
1293,1446,127600,127100,-500
1294,1837,83000,73900,-9100
1295,2539,334800,290600,-44200
1296,97,414100,399200,-14900
1297,2317,62300,64200,1900
1298,1693,142200,159000,16800
1299,1675,110900,92500,-18400
1300,2483,128100,198300,70200
1301,700,89400,83300,-6100
1302,2480,70900,69600,-1300
1303,58,248600,302500,53900
1304,1616,100700,97600,-3100
1305,1026,59400,56300,-3100
1306,662,119100,126300,7200
1307,1262,106200,84400,-21800
1308,1276,82800,87100,4300
1309,419,93200,93300,100
1310,470,65800,60900,-4900
1311,1073,1170800,1335400,164600
1312,297,444200,542400,98200
1313,388,116587,109215,-7372
1314,1429,209500,212100,2600
1315,21,406600,428500,21900
1316,2475,90700,101700,11000
1317,1421,176700,190400,13700
1318,351,160400,148300,-12100
1319,1544,73800,77900,4100
1320,657,112700,116900,4200
1321,999,190800,169900,-20900
1322,2186,92600,96100,3500
1323,3003,72982,62577,-10405
1324,1088,53900,50300,-3600
1325,378,345800,358400,12600
1326,82,221400,197500,-23900
1327,207,198700,189400,-9300
1328,43,220200,193500,-26700
1329,941,216200,219500,3300
1330,164,232800,211400,-21400
1331,14,924000,1238800,314800
1332,1538,75600,67700,-7900
1333,718,84900,81800,-3100
1334,230,187900,154700,-33200
1335,427,310900,311800,900
1336,1363,104300,113600,9300
1337,1007,80300,105300,25000
1338,2665,81100,82500,1400
1339,2297,69900,83800,13900
1340,1621,152000,172600,20600
1341,195,97300,107100,9800
1342,3027,117959,121753,3794
1343,1547,79900,89200,9300
1344,2286,44000,57400,13400
1345,180,183600,159800,-23800
1346,64,342100,408600,66500
1347,152,200200,175600,-24600
1348,391,73400,75000,1600
1349,1208,118300,128900,10600
1350,649,130179,133144,2965
1351,2640,72200,90500,18300
1352,1164,139400,193600,54200
1353,1716,64000,64400,400
1354,77,276100,244600,-31500
1355,1771,78500,79900,1400
1356,1702,227727,235892,8165
1357,459,146200,134200,-12000
1358,1636,117000,121000,4000
1359,1932,130100,120400,-9700
1360,1126,116700,103700,-13000
1361,2171,80900,89400,8500
1362,1267,168600,178500,9900
1363,685,147600,151300,3700
1364,1614,111500,104300,-7200
1365,60,104600,111000,6400
1366,694,50500,51400,900
1367,1546,154300,162700,8400
1368,527,223300,236100,12800
1369,287,161200,169600,8400
1370,2960,112300,119400,7100
1371,185,103100,107100,4000
1372,1655,138300,136700,-1600
1373,102,121300,122700,1400
1374,1271,154000,129800,-24200
1375,346,136700,144800,8100
1376,4,489500,610700,121200
1377,1165,158100,170800,12700
1378,1995,69000,77500,8500
1379,1315,241800,249600,7800
1380,128,254300,212700,-41600
1381,1400,89300,98800,9500
1382,758,195500,191100,-4400
1383,399,75000,68100,-6900
1384,1207,125500,151500,26000
1385,661,82500,84300,1800
1386,2092,92600,82200,-10400
1387,613,89800,90900,1100
1388,1231,129200,155200,26000
1389,324,85600,90800,5200
1390,936,62400,64900,2500
1391,985,112900,121700,8800
1392,1812,90800,92200,1400
1393,513,122400,118100,-4300
1394,1235,136600,156800,20200
1395,681,119100,125600,6500
1396,782,60200,55500,-4700
1397,1491,195800,149734,-46066
1398,1289,92000,106900,14900
1399,1139,363200,369300,6100
1400,234,133400,137500,4100
1401,1835,75700,78800,3100
1402,1845,88400,83200,-5200
1403,1063,102300,96800,-5500
1404,2338,130100,154100,24000
1405,542,132900,121000,-11900
1406,417,234400,231000,-3400
1407,908,144927,143367,-1560
1408,979,74200,71700,-2500
1409,1815,143100,131500,-11600
1410,1162,172900,208200,35300
1411,1755,90700,100200,9500
1412,1948,135811,119288,-16523
1413,2208,98700,114100,15400
1414,975,215800,239100,23300
1415,1923,185300,189000,3700
1416,1753,202700,222200,19500
1417,2084,77000,58300,-18700
1418,330,180100,206700,26600
1419,2869,66100,76800,10700
1420,1194,129300,130900,1600
1421,689,150700,135100,-15600
1422,93,318800,274000,-44800
1423,1300,123600,135100,11500
1424,1827,131800,135900,4100
1425,446,125500,133600,8100
1426,1760,115800,113200,-2600
1427,1496,130600,126400,-4200
1428,2896,64800,84100,19300
1429,576,199700,205700,6000
1430,1018,93600,134100,40500
1431,1361,164200,181200,17000
1432,273,107100,124900,17800
1433,1265,105500,98600,-6900
1434,2489,53184,55222,2038
1435,2073,82400,84600,2200
1436,1876,107000,113600,6600
1437,2674,105500,91200,-14300
1438,737,78700,79000,300
1439,629,143900,142100,-1800
1440,1618,125700,120300,-5400
1441,15,112500,109200,-3300
1442,1907,113000,97600,-15400
1443,551,124000,133600,9600
1444,1735,152200,145200,-7000
1445,326,122400,123000,600
1446,2253,88700,95000,6300
1447,52,237200,241000,3800
1448,686,171600,176700,5100
1449,770,118500,123500,5000
1450,1891,149000,138100,-10900
1451,2319,67000,60000,-7000
1452,1609,94700,95700,1000
1453,1489,164600,144100,-20500
1454,29,173800,162600,-11200
1455,126,122400,156800,34400
1456,795,128900,133500,4600
1457,1170,137400,153900,16500
1458,963,883800,961600,77800
1459,242,120067,105892,-14175
1460,633,70900,65800,-5100
1461,503,94400,92100,-2300
1462,137,328400,401300,72900
1463,2216,204600,204200,-400
1464,1383,180700,185200,4500
1465,778,86900,126800,39900
1466,2386,152200,164300,12100
1467,926,257400,217500,-39900
1468,96,291200,305500,14300
1469,853,47100,50200,3100
1470,2220,89400,110000,20600
1471,915,85100,89900,4800
1472,1185,123800,127100,3300
1473,1602,80600,71600,-9000
1474,112,138100,150000,11900
1475,2161,111222,152534,41312
1476,1722,107852,99279,-8573
1477,1858,190100,184200,-5900
1478,454,208400,212100,3700
1479,967,71000,76500,5500
1480,1564,94700,113300,18600
1481,646,134000,136700,2700
1482,719,71100,67900,-3200
1483,517,95600,94300,-1300
1484,1953,280100,267300,-12800
1485,255,134200,130900,-3300
1486,472,127600,135900,8300
1487,250,168300,170800,2500
1488,389,160500,139500,-21000
1489,1784,115500,120300,4800
1490,1844,143900,159800,15900
1491,475,74000,68100,-5900
1492,395,107300,108300,1000
1493,3037,71427,78891,7464
1494,1330,74500,77100,2600
1495,2422,178400,178700,300
1496,2892,116800,125000,8200
1497,935,113600,126400,12800
1498,1756,254200,238600,-15600
1499,668,101755,93500,-8255
1500,1945,75200,68000,-7200
1501,1011,100100,87600,-12500
1502,869,107200,103700,-3500
1503,1657,171300,171000,-300
1504,42,241600,241400,-200
1505,120,268000,325700,57700
1506,70,201400,187900,-13500
1507,263,112900,112700,-200
1508,124,122100,119900,-2200
1509,2111,76400,73900,-2500
1510,1473,96400,104800,8400
1511,1519,139000,141900,2900
1512,747,109400,105900,-3500
1513,1426,95700,77900,-17800
1514,1852,183700,170200,-13500
1515,1633,109600,113800,4200
1516,373,349900,299900,-50000
1517,749,105400,118500,13100
1518,1432,112800,119100,6300
1519,1500,131700,146300,14600
1520,2540,201000,201200,200
1521,610,303600,295500,-8100
1522,7,428200,490900,62700
1523,1916,165800,141000,-24800
1524,218,186000,176600,-9400
1525,1961,72800,93600,20800
1526,1408,72200,79900,7700
1527,92,184500,191800,7300
1528,2531,81500,119500,38000
1529,1332,136900,143600,6700
1530,2047,62100,57800,-4300
1531,1796,81700,88300,6600
1532,1301,117500,109300,-8200
1533,1302,143900,152700,8800
1534,1318,101400,109700,8300
1535,1611,171100,176600,5500
1536,2709,86200,85400,-800
1537,1057,77184,95201,18017
1538,2416,66200,74700,8500
1539,1464,84200,81100,-3100
1540,262,166400,164200,-2200
1541,2282,80873,84674,3801
1542,1715,88700,94000,5300
1543,501,166700,175800,9100
1544,2606,52800,46800,-6000
1545,2496,71800,74300,2500
1546,2510,78800,106300,27500
1547,317,85700,84800,-900
1548,123,131600,114200,-17400
1549,204,160000,150800,-9200
1550,1254,84900,77700,-7200
1551,101,382000,400800,18800
1552,1435,173300,164100,-9200
1553,1954,99300,114000,14700
1554,1738,102100,100800,-1300
1555,8,217000,302200,85200
1556,1506,110300,105600,-4700
1557,384,118900,103900,-15000
1558,400,173500,170000,-3500
1559,490,132100,141300,9200
1560,2272,69400,78700,9300
1561,301,69700,59700,-10000
1562,1295,89500,89600,100
1563,258,114700,117700,3000
1564,889,170400,161400,-9000
1565,1391,123300,114400,-8900
1566,1376,71600,64800,-6800
1567,1220,256300,273400,17100
1568,450,175000,174300,-700
1569,147,413800,385600,-28200
1570,438,192500,208900,16400
1571,1147,57300,67500,10200
1572,416,133500,133900,400
1573,1810,71900,81700,9800
1574,442,92300,96800,4500
1575,868,406700,398200,-8500
1576,291,118500,108000,-10500
1577,2677,80100,84100,4000
1578,1897,87800,85100,-2700
1579,1511,91100,107000,15900
1580,569,108200,80100,-28100
1581,2424,72600,58200,-14400
1582,481,108600,98700,-9900
1583,168,142200,158500,16300
1584,519,163600,147200,-16400
1585,19,217200,278800,61600
1586,742,160200,179300,19100
1587,1255,84200,86600,2400
1588,1656,96200,113800,17600
1589,1515,174300,172100,-2200
1590,132,184800,185300,500
1591,424,145800,146400,600
1592,1229,100200,85900,-14300
1593,1280,93300,108300,15000
1594,2359,86600,95600,9000
1595,422,187600,200000,12400
1596,1461,84900,86500,1600
1597,2706,92800,68500,-24300
1598,1560,125200,131500,6300
1599,1261,237000,250800,13800
1600,1233,104233,86689,-17544
1601,1477,74285,79126,4841
1602,1394,89500,117200,27700
1603,344,68600,73700,5100
1604,143,119000,99500,-19500
1605,212,121500,125700,4200
1606,28,159700,150000,-9700
1607,1225,115000,138700,23700
1608,2009,67788,77400,9612
1609,357,273400,252400,-21000
1610,1244,176500,170200,-6300
1611,848,152100,144000,-8100
1612,492,163300,143900,-19400
1613,353,130200,134200,4000
1614,2486,36900,43300,6400
1615,1499,106831,108100,1269
1616,1166,243800,258600,14800
1617,505,92300,99600,7300
1618,556,301100,443800,142700
1619,9,193000,264500,71500
1620,3,366900,473700,106800
1621,47,700800,1070900,370100
1622,1774,94200,98900,4700
1623,63,179800,265300,85500
1624,1323,170922,162633,-8289
1625,984,496800,453800,-43000
1626,165,417200,492200,75000
1627,61,655700,990600,334900
1628,1976,626300,549200,-77100
1629,1462,100800,107500,6700
1630,1319,188600,168300,-20300
1631,521,95400,92300,-3100
1632,1257,108200,114700,6500
1633,1583,57284,74619,17335
1634,2191,149800,163300,13500
1635,114,445400,524300,78900
1636,13,583200,895300,312100
1637,614,121400,114800,-6600
1638,170,547300,673900,126600
1639,1299,317200,273500,-43700
1640,1291,159000,163300,4300
1641,1204,160400,199400,39000
1642,193,227100,238400,11300
1643,264,144300,165500,21200
1644,514,147100,147000,-100
1645,912,111073,134323,23250
1646,1912,168900,160500,-8400
1647,270,160200,150400,-9800
1648,771,125600,121200,-4400
1649,942,91854,101935,10081
1650,282,63800,61300,-2500
1651,435,57500,67000,9500
1652,736,75100,66800,-8300
1653,249,129600,138700,9100
1654,2206,85000,79700,-5300
1655,1549,150200,151200,1000
1656,309,214100,235600,21500
1657,2663,113300,64000,-49300
1658,2225,63265,61647,-1618
1659,873,74400,71700,-2700
1660,724,93400,100900,7500
1661,314,103700,100200,-3500
1662,1191,118400,112900,-5500
1663,1199,177400,181200,3800
1664,841,39500,40900,1400
1665,743,86500,88600,2100
1666,545,80900,81000,100
1667,1938,81900,84700,2800
1668,666,76400,70100,-6300
1669,1381,147200,142000,-5200
1670,1855,143000,169000,26000
1671,2059,88600,98800,10200
1672,968,123500,144600,21100
1673,962,68100,61900,-6200
1674,233,202200,213800,11600
1675,1596,103500,99600,-3900
1676,1270,106900,106800,-100
1677,337,129600,120500,-9100
1678,219,183400,187900,4500
1679,1574,115000,110900,-4100
1680,1594,157800,158500,700
1681,598,106900,117000,10100
1682,35,93400,92100,-1300
1683,2201,71300,81000,9700
1684,673,170600,166200,-4400
1685,412,159200,190000,30800
1686,1737,204700,221900,17200
1687,1437,85952,79395,-6557
1688,1950,113000,106100,-6900
1689,2121,71200,68700,-2500
1690,757,128300,148500,20200
1691,641,163600,150200,-13400
1692,2541,307900,361500,53600
1693,331,245300,242700,-2600
1694,1056,237600,234400,-3200
1695,2669,90400,93400,3000
1696,931,82500,91400,8900
1697,1250,122200,126700,4500
1698,779,68500,67800,-700
1699,62,293900,321300,27400
1700,697,128100,133100,5000
1701,117,240300,334200,93900
1702,828,114200,95700,-18500
1703,575,78561,84170,5609
1704,140,373200,359400,-13800
1705,443,87100,83000,-4100
1706,2392,180300,206200,25900
1707,99,391000,502700,111700
1708,937,143056,134498,-8558
1709,1465,86200,70400,-15800
1710,160,107400,109100,1700
1711,2067,91900,98400,6500
1712,2085,155600,160000,4400
1713,100,169500,165800,-3700
1714,322,205900,223100,17200
1715,310,264200,286800,22600
1716,90,158200,229100,70900
1717,525,118000,108600,-9400
1718,1989,147700,243800,96100
1719,127,102600,103800,1200
1720,1823,85700,87600,1900
1721,2662,62800,71500,8700
1722,863,147800,135800,-12000
1723,278,152500,154000,1500
1724,733,142200,137500,-4700
1725,1775,99300,83600,-15700
1726,639,59900,59200,-700
1727,2362,56500,67600,11100
1728,1545,96400,83800,-12600
1729,1682,122200,124100,1900
1730,375,77600,87200,9600
1731,654,124900,134700,9800
1732,1946,83000,84900,1900
1733,2138,167952,177000,9048
1734,615,120500,119900,-600
1735,1713,134900,137000,2100
1736,2264,130100,102800,-27300
1737,1142,194305,217292,22987
1738,405,136900,150700,13800
1739,1327,191400,192200,800
1740,2493,95100,139000,43900
1741,421,229900,207700,-22200
1742,59,306800,415900,109100
1743,18,354700,339100,-15600
1744,2230,37603,47431,9828
1745,1580,168700,163700,-5000
1746,444,156100,135800,-20300
1747,1286,105300,109700,4400
1748,2302,49100,54300,5200
1749,1758,527600,542900,15300
1750,81,112500,106500,-6000
1751,1649,487900,524000,36100
1752,1813,72500,68800,-3700
1753,257,158300,172500,14200
1754,1377,195000,235300,40300
1755,1701,78600,74100,-4500
1756,350,64800,50100,-14700
1757,462,102700,96800,-5900
1758,2548,110400,120100,9700
1759,659,97900,115900,18000
1760,215,240700,241200,500
1761,281,255300,213100,-42200
1762,390,177000,213800,36800
1763,1601,111900,101600,-10300
1764,1016,134700,117500,-17200
1765,2449,174800,180900,6100
1766,1579,171100,207700,36600
1767,2349,92600,78500,-14100
1768,714,297600,276100,-21500
1769,1399,101000,86700,-14300
1770,1600,105000,99900,-5100
1771,1523,116100,119200,3100
1772,1329,121800,117500,-4300
1773,12,131400,146300,14900
1774,2035,117600,108500,-9100
1775,1793,89399,86175,-3224
1776,1992,77900,64500,-13400
1777,855,87300,87500,200
1778,1321,88300,99400,11100
1779,1314,116300,117000,700
1780,637,91188,83167,-8021
1781,504,122400,154400,32000
1782,870,187000,219100,32100
1783,1341,121300,147700,26400
1784,2860,70400,70600,200
1785,1966,276600,252600,-24000
1786,1851,703800,699900,-3900
1787,1572,103000,102400,-600
1788,175,251000,235700,-15300
1789,1613,112300,108500,-3800
1790,843,255200,242300,-12900
1791,585,100400,106100,5700
1792,674,88400,103500,15100
1793,1273,130600,128800,-1800
1794,2094,91900,91600,-300
1795,520,114300,113200,-1100
1796,2245,97800,99600,1800
1797,1709,89000,100500,11500
1798,1802,83400,88100,4700
1799,275,224600,200600,-24000
1800,1348,102000,131000,29000
1801,366,160500,181500,21000
1802,1486,173000,199300,26300
1803,2193,87500,87500,0
1804,1964,198300,174100,-24200
1805,2885,75400,109600,34200
1806,767,185700,173200,-12500
1807,2661,67300,43300,-24000
1808,1167,209700,265900,56200
1809,801,113200,123000,9800
1810,1937,85300,85300,0
1811,1024,179500,172800,-6700
1812,1454,99600,94500,-5100
1813,1099,87500,88200,700
1814,200,74700,69900,-4800
1815,2005,74600,77000,2400
1816,106,145800,159600,13800
1817,74,113000,115300,2300
1818,220,140100,144200,4100
1819,398,85700,105700,20000
1820,1412,138900,151100,12200
1821,2064,73700,85400,11700
1822,2066,175300,195000,19700
1823,1706,177400,199200,21800
1824,227,219300,182800,-36500
1825,451,132700,145100,12400
1826,943,89100,89600,500
1827,677,73817,74536,719
1828,1849,164700,156800,-7900
1829,2685,81800,67100,-14700
1830,2574,78500,73400,-5100
1831,2060,75700,88600,12900
1832,208,160800,172000,11200
1833,84,318600,280300,-38300
1834,574,151600,168200,16600
1835,837,138500,153500,15000
1836,932,96300,97700,1400
1837,1620,101800,113900,12100
1838,1764,69100,60900,-8200
1839,1189,239600,246200,6600
1840,2198,75000,88300,13300
1841,1536,95400,110300,14900
1842,1415,130900,123300,-7600
1843,1967,267400,250600,-16800
1844,961,75500,71800,-3700
1845,1416,107100,108600,1500
1846,2438,62300,51400,-10900
1847,802,79200,82300,3100
1848,1517,97400,110300,12900
1849,635,98400,80300,-18100
1850,1268,105200,96400,-8800
1851,557,64700,68100,3400
1852,45,409900,499700,89800
1853,1401,54700,52800,-1900
1854,1488,66400,59300,-7100
1855,2670,44400,46500,2100
1856,2010,77100,82000,4900
1857,794,103000,119000,16000
1858,1389,114400,140800,26400
1859,1352,80700,74700,-6000
1860,897,163000,171900,8900
1861,109,249700,239700,-10000
1862,1192,133100,135500,2400
1863,1987,88000,85800,-2200
1864,1841,154500,160300,5800
1865,2304,93524,86322,-7202
1866,464,120000,122500,2500
1867,40,217300,232000,14700
1868,1724,142700,131000,-11700
1869,1625,122151,140053,17902
1870,484,37700,72800,35100
1871,1448,89800,86100,-3700
1872,1449,123700,144100,20400
1873,537,181800,181500,-300
1874,1582,134145,152245,18100
1875,2863,60300,79000,18700
1876,2285,95100,99000,3900
1877,1503,253500,293600,40100
1878,1392,138000,143000,5000
1879,363,182800,167300,-15500
1880,740,65000,67500,2500
1881,1476,153700,233900,80200
1882,2676,48200,67200,19000
1883,1650,77300,70900,-6400
1884,2781,85900,42400,-43500
1885,625,148700,156700,8000
1886,2502,56400,59700,3300
1887,2684,78300,78700,400
1888,342,143600,144000,400
1889,1707,148000,145800,-2200
1890,1537,113900,114400,500
1891,345,248700,206900,-41800
1892,493,186400,187400,1000
1893,198,166200,179900,13700
1894,1599,67432,73225,5793
1895,1615,72000,76100,4100
1896,717,189100,185300,-3800
1897,1482,134900,140800,5900
1898,1819,295800,322400,26600
1899,845,177200,184900,7700
1900,1873,118984,119053,69
1901,2390,155500,161400,5900
1902,206,139600,141700,2100
1903,1801,92000,81100,-10900
1904,2228,115200,126300,11100
1905,2037,102900,92400,-10500
1906,1550,63400,66900,3500
1907,283,173100,158800,-14300
1908,183,225400,241900,16500
1909,2168,64300,61800,-2500
1910,921,178600,150300,-28300
1911,506,125900,132400,6500
1912,516,89900,106700,16800
1913,587,85300,76500,-8800
1914,87,263800,308600,44800
1915,201,110400,130200,19800
1916,313,299500,303100,3600
1917,320,123600,127500,3900
1918,1684,131900,154800,22900
1919,1308,232100,219600,-12500
1920,558,120800,123800,3000
1921,532,186600,188600,2000
1922,304,200900,193800,-7100
1923,115,208700,258700,50000
1924,1206,167700,218200,50500
1925,586,234000,215700,-18300
1926,122,235200,238900,3700
1927,573,118400,119500,1100
1928,856,120400,115500,-4900
1929,2028,91283,91339,56
1930,1445,87200,73300,-13900
1931,2069,84200,66400,-17800
1932,1159,57700,49500,-8200
1933,2239,88600,85300,-3300
1934,321,83300,77200,-6100
1935,392,103300,111600,8300
1936,340,115900,122100,6200
1937,570,150800,145400,-5400
1938,1903,52400,64700,12300
1939,664,70341,70612,271
1940,903,150700,135800,-14900
1941,1671,64200,68200,4000
1942,1240,117800,117900,100
1943,1245,180400,170500,-9900
1944,711,74800,75000,200
1945,2474,46000,52600,6600
1946,173,167900,227800,59900
1947,1761,97600,98400,800
1948,2210,147200,171200,24000
1949,2513,184500,213900,29400
1950,32,542500,542300,-200
1951,131,109600,117200,7600
1952,956,178100,162200,-15900
1953,1704,66900,74000,7100
1954,1603,93400,108000,14600
1955,209,262800,272200,9400
1956,3043,110162,114562,4400
1957,2692,93200,97400,4200
1958,448,94600,101100,6500
1959,1765,154100,137200,-16900
1960,1809,70900,81400,10500
1961,1787,75700,82500,6800
1962,1484,83000,80700,-2300
1963,1360,102000,99800,-2200
1964,1692,121000,125200,4200
1965,1322,79700,75500,-4200
1966,380,157600,138200,-19400
1967,2310,49700,55300,5600
1968,2693,57100,51600,-5500
1969,1444,126600,114500,-12100
1970,1180,201700,185300,-16400
1971,2491,54900,54600,-300
1972,2223,89700,188600,98900
1973,716,79900,82400,2500
1974,1013,244100,240200,-3900
1975,1456,87400,80500,-6900
1976,226,313900,367300,53400
1977,1200,183800,221300,37500
1978,432,124700,118200,-6500
1979,341,179900,209700,29800
1980,1585,181500,219300,37800
1981,831,207300,203000,-4300
1982,329,176900,151800,-25100
1983,644,188800,170000,-18800
1984,546,169900,182700,12800
1985,2899,66900,66600,-300
1986,2700,76900,77500,600
1987,1219,115000,86500,-28500
1988,244,143600,153900,10300
1989,580,129100,141600,12500
1990,534,155000,154700,-300
1991,315,118500,125500,7000
1992,458,97500,100900,3400
1993,415,84300,94300,10000
1994,364,81800,98400,16600
1995,1626,132700,141800,9100
1996,2378,43676,56011,12335
1997,924,73300,79400,6100
1998,51,220400,223100,2700
1999,581,258100,221100,-37000
2000,2229,84800,88500,3700
2001,316,164600,196200,31600
2002,1284,70000,60200,-9800
2003,670,94600,95900,1300
2004,810,134400,134500,100
2005,797,106736,107700,964
2006,179,142300,154400,12100
2007,374,213100,229800,16700
2008,2488,127700,144800,17100
2009,842,111600,125000,13400
2010,199,211300,230700,19400
2011,2190,78600,80700,2100
2012,1294,187900,206900,19000
2013,210,286300,346300,60000
2014,216,217600,229600,12000
2015,110,170600,153500,-17100
2016,189,140200,146300,6100
2017,494,293400,276100,-17300
2018,2256,68000,78900,10900
2019,467,159700,190400,30700
2020,217,137100,122400,-14700
2021,2850,80900,81100,200
2022,2675,62200,59400,-2800
